1 0.3265456328125 0.6591796875 0.3473994109375 0.595703125 0.3142787046875 0.546875 0.2983316984375 0.5908203125 0.3265456328125 0.6591796875
1 0.2921982328125 0.6103515625 0.3044651625 0.5322265625 0.2701177625 0.498046875 0.257850834375 0.5322265625 0.2921982328125 0.6103515625
1 0.6724730125 0.60302734375 0.710500490625 0.537109375 0.693326790625 0.50048828125 0.651619234375 0.56396484375 0.6724730125 0.60302734375
3 0.72276741875 0.712890625 0.6467124625 0.56884765625 0.6037782140625 0.615234375 0.6724730125 0.78857421875 0.72276741875 0.712890625
1 0.6957801765625 0.48095703125 0.6908734046875 0.419921875 0.634445534375 0.458984375 0.6577526984375 0.53466796875 0.6957801765625 0.48095703125
1 0.58047105 0.64208984375 0.59764475 0.6787109375 0.6197252203125 0.654296875 0.60500490625 0.615234375 0.58047105 0.64208984375
3 0.4171875 0.48671875 0.034375 0.25625
3 0.375 0.46875 0.02109375 0.21484375
0 0.51171875 0.5921875 0.03671875 0.0671875
1 0.29609375 0.48515625 0.0234375 0.04453125
0 0.60234375 0.5484375 0.0328125 0.06171875