1 0.6526005890625 0.595703125 0.6734543671875 0.6591796875 0.7016683015625 0.5908203125 0.6857212953125 0.546875 0.6526005890625 0.595703125
1 0.6955348375 0.5322265625 0.7078017671875 0.6103515625 0.742149165625 0.5322265625 0.7298822375 0.498046875 0.6955348375 0.5322265625
1 0.289499509375 0.537109375 0.32752698750000003 0.60302734375 0.34838076562500003 0.56396484375 0.30667320937500003 0.50048828125 0.289499509375 0.537109375
3 0.3532875375 0.56884765625 0.27723258125 0.712890625 0.32752698750000003 0.78857421875 0.3962217859375 0.615234375 0.3532875375 0.56884765625
1 0.30912659531250003 0.419921875 0.3042198234375 0.48095703125 0.3422473015625 0.53466796875 0.365554465625 0.458984375 0.30912659531250003 0.419921875
1 0.40235525 0.6787109375 0.41952895 0.64208984375 0.39499509375 0.615234375 0.3802747796875 0.654296875 0.40235525 0.6787109375
3 0.5828125 0.48671875 0.034375 0.25625
3 0.625 0.46875 0.02109375 0.21484375
0 0.48828125 0.5921875 0.03671875 0.0671875
1 0.70390625 0.48515625 0.0234375 0.04453125
0 0.39765625 0.5484375 0.0328125 0.06171875