3 0.55703125 0.365625 0.01875 0.178125
3 0.67109375 0.34140625 0.0328125 0.1484375
3 0.38828125 0.6 0.03359375 0.1359375
1 0.7125 0.39140625 0.04375 0.08203125
1 0.43203125 0.415625 0.0375 0.09375
1 0.61875 0.396875 0.0390625 0.1109375
1 0.6005115140624999 0.48352734374999995 0.596935815625 0.39085546875 0.5891886328125 0.3373916015625 0.574885840625 0.33857910156250004 0.5695227828125 0.43006347656250005 0.57190641875 0.47877539062499996 0.6005115140624999 0.48352734374999995
1 0.46796875 0.46640625 0.021875 0.053125
1 0.39609375 0.390625 0.0328125 0.0953125
1 0.34921875 0.38359375 0.04921875 0.1046875
1 0.528125 0.46015625 0.0328125 0.071875