3 0.44296875 0.365625 0.01875 0.178125
3 0.32890625 0.34140625 0.0328125 0.1484375
3 0.61171875 0.6 0.03359375 0.1359375
1 0.2875 0.39140625 0.04375 0.08203125
1 0.56796875 0.415625 0.0375 0.09375
1 0.38125 0.396875 0.0390625 0.1109375
1 0.42511415937499997 0.33857910156250004 0.41081136718750005 0.3373916015625 0.40306418437499997 0.39085546875 0.39948848593749997 0.48352734374999995 0.42809358125 0.47877539062499996 0.43047721718750004 0.43006347656250005 0.42511415937499997 0.33857910156250004
1 0.53203125 0.46640625 0.021875 0.053125
1 0.60390625 0.390625 0.0328125 0.0953125
1 0.65078125 0.38359375 0.04921875 0.1046875
1 0.471875 0.46015625 0.0328125 0.071875