3 0.6785889265625 0.51025390625 0.6479666828124999 0.36865234375 0.6183307625000001 0.40645666562500005 0.6565409109375 0.546875 0.6785889265625 0.51025390625
3 0.6651151390625001 0.37109375 0.6847133765625 0.51513671875 0.725127878125 0.47119140625 0.7006369421875001 0.3173828125 0.6651151390625001 0.37109375
3 0.2915237625 0.5810546875 0.2890739828125 0.58349609375 0.25110240156249997 0.72509765625 0.3111219984375 0.7763671875 0.350318471875 0.60546875 0.2915237625 0.5810546875
3 0.363792259375 0.5712890625 0.388290053125 0.3955078125 0.3575825546875 0.38644039218750004 0.338013228125 0.546705078125 0.363792259375 0.5712890625
3 0.31234688906249997 0.3564453125 0.2976482109375 0.52734375 0.3392944640625 0.55419921875 0.3564429203125 0.390625 0.31234688906249997 0.3564453125
1 0.27734375 0.4671875 0.040625 0.1
1 0.678125 0.58984375 0.03515625 0.065625
2 0.55546875 0.5015625 0.03828125 0.2171875
0 0.415625 0.53828125 0.03203125 0.16875
4 0.7226849578125 0.302734375 0.7582067609375 0.41015625 0.7802547765625001 0.3564453125 0.7496325328125 0.25634765625 0.7226849578125 0.302734375
1 0.6359375 0.61171875 0.0265625 0.04140625
1 0.38671875 0.5453125 0.0265625 0.08046875