3 0.3520333171875 0.36865234375 0.32141107343750003 0.51025390625 0.3434590890625 0.546875 0.38166923750000004 0.40645666562500005 0.3520333171875 0.36865234375
3 0.31528662343749997 0.51513671875 0.33488486093750003 0.37109375 0.2993630578125 0.3173828125 0.274872121875 0.47119140625 0.31528662343749997 0.51513671875
3 0.7488975984375 0.72509765625 0.7109260171875 0.58349609375 0.7084762375 0.5810546875 0.649681528125 0.60546875 0.6888780015625 0.7763671875 0.7488975984375 0.72509765625
3 0.611709946875 0.3955078125 0.636207740625 0.5712890625 0.661986771875 0.546705078125 0.6424174453125 0.38644039218750004 0.611709946875 0.3955078125
3 0.7023517890625001 0.52734375 0.6876531109374999 0.3564453125 0.6435570796875 0.390625 0.6607055359375 0.55419921875 0.7023517890625001 0.52734375
1 0.72265625 0.4671875 0.040625 0.1
1 0.321875 0.58984375 0.03515625 0.065625
2 0.44453125 0.5015625 0.03828125 0.2171875
0 0.584375 0.53828125 0.03203125 0.16875
4 0.2417932390625 0.41015625 0.2773150421875 0.302734375 0.25036746718749997 0.25634765625 0.2197452234375 0.3564453125 0.2417932390625 0.41015625
1 0.3640625 0.61171875 0.0265625 0.04140625
1 0.61328125 0.5453125 0.0265625 0.08046875