3 0.65078125 0.37734375 0.0453125 0.23515625
1 0.7296875 0.4265625 0.0390625 0.075
1 0.778125 0.40625 0.03984375 0.04765625
4 0.77265625 0.34140625 0.046875 0.1765625
1 0.1953125 0.359375 0.040625 0.05625
4 0.1953125 0.29296875 0.05078125 0.19921875
1 0.2125 0.45390625 0.03125 0.05078125
1 0.2609375 0.515625 0.05390625 0.11328125
3 0.67734375 0.62421875 0.0375 0.2328125
1 0.7171875 0.51640625 0.03828125 0.07578125
4 0.7929999999999999 0.43779193281250006 0.7408 0.46052123125 0.78 0.6574904453125 0.8055999999999999 0.6354161359375 0.7929999999999999 0.43779193281250006