3 0.34921875 0.37734375 0.0453125 0.23515625
1 0.2703125 0.4265625 0.0390625 0.075
1 0.221875 0.40625 0.03984375 0.04765625
4 0.22734375 0.34140625 0.046875 0.1765625
1 0.8046875 0.359375 0.040625 0.05625
4 0.8046875 0.29296875 0.05078125 0.19921875
1 0.7875 0.45390625 0.03125 0.05078125
1 0.7390625 0.515625 0.05390625 0.11328125
3 0.32265625 0.62421875 0.0375 0.2328125
1 0.2828125 0.51640625 0.03828125 0.07578125
4 0.2592 0.46052123125 0.207 0.43779193281250006 0.1944 0.6354161359375 0.22000000000000003 0.6574904453125 0.2592 0.46052123125