4 0.7828125 0.315625 0.05234375 0.1640625
4 0.23671875 0.328125 0.04609375 0.17578125
1 0.265625 0.453125 0.046875 0.05546875
1 0.315625 0.4453125 0.04375 0.09140625
1 0.35546875 0.45546875 0.03046875 0.078125
1 0.32109375 0.5484375 0.04609375 0.10625
1 0.2671875 0.53203125 0.05234375 0.1046875
1 0.68984375 0.53359375 0.05234375 0.13203125
1 0.74921875 0.51640625 0.03984375 0.11875
1 0.74453125 0.41328125 0.0390625 0.078125
4 0.20234375 0.5953125 0.075 0.2
4 0.8015625 0.528125 0.0515625 0.16328125
4 0.99921875 0.6015625 0.0015625 0.340625