4 0.2171875 0.315625 0.05234375 0.1640625
4 0.76328125 0.328125 0.04609375 0.17578125
1 0.734375 0.453125 0.046875 0.05546875
1 0.684375 0.4453125 0.04375 0.09140625
1 0.64453125 0.45546875 0.03046875 0.078125
1 0.67890625 0.5484375 0.04609375 0.10625
1 0.7328125 0.53203125 0.05234375 0.1046875
1 0.31015625 0.53359375 0.05234375 0.13203125
1 0.25078125 0.51640625 0.03984375 0.11875
1 0.25546875 0.41328125 0.0390625 0.078125
4 0.79765625 0.5953125 0.075 0.2
4 0.1984375 0.528125 0.0515625 0.16328125
4 0.00078125 0.6015625 0.0015625 0.340625