3 0.51015625 0.50078125 0.0328125 0.1984375
3 0.47421875 0.5015625 0.03203125 0.196875
1 0.7667809890624999 0.65078125 0.7056344921875 0.5222783203125 0.6554630078125 0.5816884765625 0.674277315625 0.6207744140625 0.75423811875 0.681748046875 0.7667809890624999 0.65078125
1 0.7017148453125001 0.5191513671875 0.68054875 0.4046875 0.6734933859375001 0.3753173828125 0.646839784375 0.3784443359375 0.6405683484375 0.5082080078125 0.6484076437499999 0.542603515625 0.682116609375 0.5441669921875001 0.7017148453125001 0.5191513671875
1 0.35546875 0.478125 0.02265625 0.165625
1 0.38515625 0.48828125 0.028125 0.18203125
3 0.44140625 0.49296875 0.028125 0.1984375
0 0.4234375 0.68828125 0.02578125 0.14765625
0 0.4515625 0.68046875 0.0234375 0.128125
0 0.4765625 0.678125 0.0203125 0.12421875
0 0.528125 0.68515625 0.02421875 0.14140625