3 0.48984375 0.50078125 0.0328125 0.1984375
3 0.52578125 0.5015625 0.03203125 0.196875
1 0.3445369921875 0.5816884765625 0.2943655078125 0.5222783203125 0.2332190109375 0.65078125 0.24576188124999998 0.681748046875 0.32572268437499996 0.6207744140625 0.3445369921875 0.5816884765625
1 0.3594316515625 0.5082080078125 0.353160215625 0.3784443359375 0.32650661406250003 0.3753173828125 0.31945125 0.4046875 0.2982851546875 0.5191513671875 0.317883390625 0.5441669921875001 0.35159235624999996 0.542603515625 0.3594316515625 0.5082080078125
1 0.64453125 0.478125 0.02265625 0.165625
1 0.61484375 0.48828125 0.028125 0.18203125
3 0.55859375 0.49296875 0.028125 0.1984375
0 0.5765625 0.68828125 0.02578125 0.14765625
0 0.5484375 0.68046875 0.0234375 0.128125
0 0.5234375 0.678125 0.0203125 0.12421875
0 0.471875 0.68515625 0.02421875 0.14140625