1 0.50078125 0.67265625 0.0125 0.03828125
4 0.7842003921875 0.548595703125 0.7424287109375001 0.61765625 0.7750313578125 0.7049970703125 0.8193498281249999 0.6410146484375 0.7842003921875 0.548595703125
4 0.25790298906250003 0.612328125 0.22020676093749997 0.529048828125 0.1738500734375 0.6397490234375 0.21001812812499998 0.7098251953125 0.25790298906250003 0.612328125
1 0.6640625 0.61171875 0.05078125 0.04296875
1 0.72421875 0.53359375 0.0375 0.0390625
1 0.67265625 0.55859375 0.0453125 0.0375
1 0.6328125 0.56484375 0.02734375 0.03125
1 0.60390625 0.575 0.0265625 0.03359375
1 0.61796875 0.6359375 0.03046875 0.03671875
1 0.27734375 0.584375 0.04296875 0.03515625
1 0.31328125 0.55390625 0.0453125 0.0265625
1 0.26640625 0.5296875 0.034375 0.03984375
1 0.357652621875 0.6027626953125 0.30777462031249997 0.5730791015625 0.300702596875 0.6124091796875 0.3498358640625 0.6420927734374999 0.357652621875 0.6027626953125
1 0.526069084375 0.5620576171875 0.48684125468749995 0.55997265625 0.4873645265625 0.606896484375 0.5255458109375 0.60741796875 0.526069084375 0.5620576171875
1 0.4853238609375 0.5687353515625 0.4609510046875 0.5688359375 0.46225869687500004 0.6131533203124999 0.48684125468749995 0.6126318359375 0.4853238609375 0.5687353515625
1 0.449182753125 0.557365234375 0.42120039218749994 0.5542373046875 0.42172366562499997 0.608982421875 0.44892111718749994 0.61523828125 0.449182753125 0.557365234375
1 0.394571778125 0.5656064453125 0.3673743265625 0.5650849609375 0.36632827031250004 0.5963681640625 0.39535668749999997 0.596888671875 0.394571778125 0.5656064453125
1 0.366851053125 0.5536142578125001 0.338345909375 0.5411015625 0.338084271875 0.580205078125 0.3637128859375 0.59167578125 0.366851053125 0.5536142578125001
1 0.80546875 0.63125 0.01796875 0.003125