1 0.49921875 0.67265625 0.0125 0.03828125
4 0.25757128906250004 0.61765625 0.21579960781250002 0.548595703125 0.18065017187500002 0.6410146484375 0.22496864218749998 0.7049970703125 0.25757128906250004 0.61765625
4 0.7797932390625 0.529048828125 0.7420970109375 0.612328125 0.789981871875 0.7098251953125 0.8261499265625 0.6397490234375 0.7797932390625 0.529048828125
1 0.3359375 0.61171875 0.05078125 0.04296875
1 0.27578125 0.53359375 0.0375 0.0390625
1 0.32734375 0.55859375 0.0453125 0.0375
1 0.3671875 0.56484375 0.02734375 0.03125
1 0.39609375 0.575 0.0265625 0.03359375
1 0.38203125 0.6359375 0.03046875 0.03671875
1 0.72265625 0.584375 0.04296875 0.03515625
1 0.68671875 0.55390625 0.0453125 0.0265625
1 0.73359375 0.5296875 0.034375 0.03984375
1 0.6922253796875 0.5730791015625 0.642347378125 0.6027626953125 0.6501641359375 0.6420927734374999 0.699297403125 0.6124091796875 0.6922253796875 0.5730791015625
1 0.5131587453125 0.55997265625 0.473930915625 0.5620576171875 0.47445418906250003 0.60741796875 0.5126354734375 0.606896484375 0.5131587453125 0.55997265625
1 0.5390489953125 0.5688359375 0.5146761390625 0.5687353515625 0.5131587453125 0.6126318359375 0.537741303125 0.6131533203124999 0.5390489953125 0.5688359375
1 0.5787996078125001 0.5542373046875 0.550817246875 0.557365234375 0.5510788828125001 0.61523828125 0.578276334375 0.608982421875 0.5787996078125001 0.5542373046875
1 0.6326256734375 0.5650849609375 0.605428221875 0.5656064453125 0.6046433125 0.596888671875 0.6336717296875001 0.5963681640625 0.6326256734375 0.5650849609375
1 0.661654090625 0.5411015625 0.633148946875 0.5536142578125001 0.6362871140624999 0.59167578125 0.661915728125 0.580205078125 0.661654090625 0.5411015625
1 0.19453125 0.63125 0.01796875 0.003125