2 0.32578125 0.81796875 0.0375 0.178125
3 0.2376286140625 0.736466796875 0.2905438515625 0.61171875 0.24625183750000001 0.5644912109375 0.20627143593750003 0.6676767578125 0.2376286140625 0.736466796875
1 0.3348358640625 0.6442255859375 0.296423321875 0.59888671875 0.2415482609375 0.7380302734375 0.27917687343750003 0.7864970703124999 0.3348358640625 0.6442255859375
1 0.30896619375 0.5973232421875 0.2993630578125 0.437890625 0.2658500734375 0.42065625000000006 0.26428221406249996 0.550419921875 0.30896619375 0.5973232421875
1 0.3552180296875 0.6145205078125 0.3473787359375 0.488671875 0.34424301874999996 0.4519248046875 0.309750121875 0.45661523437499996 0.31131798125 0.59888671875 0.3552180296875 0.6145205078125
3 0.6366487015625 0.6145205078125 0.6217540421875001 0.44765625 0.6178343953125001 0.447234375 0.5927486531249999 0.44254394531249996 0.59118079375 0.5582373046875 0.606075453125 0.606703125 0.6366487015625 0.6145205078125
0 0.4829985296875 0.6536064453125 0.47966682968749996 0.793359375 0.505732484375 0.7990039062500001 0.5033806953125 0.6536064453125 0.4829985296875 0.6536064453125
0 0.5218030375 0.82265625 0.5292503671875 0.7005087890625 0.5268985796875 0.6645498046875 0.5088682015625 0.6629863281249999 0.50965213125 0.819328125 0.5218030375 0.82265625
1 0.774620284375 0.725 0.7268005875 0.58637890625 0.676629103125 0.630154296875 0.687604115625 0.681748046875 0.736207740625 0.77242578125 0.774620284375 0.725
1 0.733855953125 0.5488564453125 0.7236648703124999 0.422265625 0.6938755515625 0.40658593749999994 0.6829005390625 0.5285322265625 0.6899559046875 0.5785615234375 0.7087702109375 0.5785615234375 0.733855953125 0.5488564453125
1 0.39441450312500004 0.58637890625 0.39441450312500004 0.484765625 0.36619304218750004 0.49101074218749996 0.35678588906250003 0.5785615234375 0.3638412546875 0.63328125 0.39441450312500004 0.58637890625
1 0.6844683984375 0.5941962890625 0.68054875 0.480859375 0.6460558546875 0.48006640625 0.6327290546875 0.530095703125 0.6382165609375 0.5926328125 0.6844683984375 0.5941962890625
1 0.376776090625 0.7796875 0.39284664375 0.6457890625 0.3622733953125 0.6348447265625 0.353650171875 0.659859375 0.3512983828125 0.7411572265624999 0.376776090625 0.7796875
1 0.41871631562499995 0.6270283203125 0.42577168125 0.488671875 0.4069573734375 0.49570019531250004 0.3865752078125 0.6082666015625 0.3951984328125 0.636408203125 0.41871631562499995 0.6270283203125
1 0.659970603125 0.793359375 0.652327290625 0.6880009765625 0.652327290625 0.63328125 0.6178343953125001 0.6348447265625 0.61313081875 0.6582958984375 0.62410583125 0.7302138671875 0.6382165609375 0.8052578125000001 0.659970603125 0.793359375