2 0.67421875 0.81796875 0.0375 0.178125
3 0.7094561484375 0.61171875 0.7623713859375 0.736466796875 0.7937285640625 0.6676767578125 0.7537481625 0.5644912109375 0.7094561484375 0.61171875
1 0.703576678125 0.59888671875 0.6651641359375 0.6442255859375 0.7208231265625 0.7864970703124999 0.7584517390625 0.7380302734375 0.703576678125 0.59888671875
1 0.7006369421875001 0.437890625 0.69103380625 0.5973232421875 0.7357177859374999 0.550419921875 0.7341499265625 0.42065625000000006 0.7006369421875001 0.437890625
1 0.6557569812499999 0.4519248046875 0.6526212640625 0.488671875 0.6447819703125 0.6145205078125 0.68868201875 0.59888671875 0.690249878125 0.45661523437499996 0.6557569812499999 0.4519248046875
3 0.40725134687500003 0.44254394531249996 0.3821656046875 0.447234375 0.37824595781250003 0.44765625 0.36335129843749997 0.6145205078125 0.393924546875 0.606703125 0.40881920625 0.5582373046875 0.40725134687500003 0.44254394531249996
0 0.5203331703125 0.793359375 0.5170014703125 0.6536064453125 0.49661930468750004 0.6536064453125 0.494267515625 0.7990039062500001 0.5203331703125 0.793359375
0 0.4731014203125 0.6645498046875 0.4707496328125 0.7005087890625 0.47819696250000004 0.82265625 0.49034786874999997 0.819328125 0.4911317984375 0.6629863281249999 0.4731014203125 0.6645498046875
1 0.323370896875 0.630154296875 0.2731994125 0.58637890625 0.225379715625 0.725 0.263792259375 0.77242578125 0.312395884375 0.681748046875 0.323370896875 0.630154296875
1 0.3170994609375 0.5285322265625 0.3061244484375 0.40658593749999994 0.27633512968749996 0.422265625 0.266144046875 0.5488564453125 0.2912297890625 0.5785615234375 0.3100440953125 0.5785615234375 0.3170994609375 0.5285322265625
1 0.6338069578125001 0.49101074218749996 0.6055854968750001 0.484765625 0.6055854968750001 0.58637890625 0.6361587453124999 0.63328125 0.6432141109375 0.5785615234375 0.6338069578125001 0.49101074218749996
1 0.35394414531249996 0.48006640625 0.31945125 0.480859375 0.3155316015625 0.5941962890625 0.3617834390625 0.5926328125 0.3672709453125 0.530095703125 0.35394414531249996 0.48006640625
1 0.6377266046875001 0.6348447265625 0.60715335625 0.6457890625 0.6232239093749999 0.7796875 0.6487016171875 0.7411572265624999 0.646349828125 0.659859375 0.6377266046875001 0.6348447265625
1 0.5930426265625 0.49570019531250004 0.57422831875 0.488671875 0.581283684375 0.6270283203125 0.6048015671875 0.636408203125 0.6134247921875 0.6082666015625 0.5930426265625 0.49570019531250004
1 0.38686918124999997 0.6582958984375 0.3821656046875 0.6348447265625 0.347672709375 0.63328125 0.347672709375 0.6880009765625 0.340029396875 0.793359375 0.3617834390625 0.8052578125000001 0.37589416875000004 0.7302138671875 0.38686918124999997 0.6582958984375