1 0.48125 0.50859375 0.05390625 0.07109375
1 0.5390625 0.5140625 0.05234375 0.06796875
0 0.41484375 0.67265625 0.03515625 0.225
0 0.47890625 0.66640625 0.03046875 0.18046875
0 0.757938265625 0.5805693359374999 0.8147991187500001 0.688166015625 0.8517422828125 0.5927373046875 0.79488143125 0.47425292968750005 0.757938265625 0.5805693359374999
0 0.78837775625 0.2601875 0.793734934375 0.40630078125 0.8464194015625001 0.3928505859375 0.8364610484374999 0.2506689453125 0.78837775625 0.2601875
0 0.4094429203125 0.26434375 0.3696511515625 0.26569921875 0.3712317484375 0.45233691406250004 0.4122160703125 0.45540917968750005 0.4094429203125 0.26434375
2 0.45751494375 0.35096777343749996 0.43378686875000005 0.3485107421875 0.416222440625 0.3485107421875 0.407902009375 0.532203125 0.45227633437500003 0.53650390625 0.45751494375 0.35096777343749996
0 0.6598549734375 0.5291044921875 0.62384664375 0.5483095703124999 0.629121509375 0.6013505859375 0.6667354234375 0.5844326171875001 0.6598549734375 0.5291044921875
0 0.6220117593750001 0.5492236328125 0.5938015671875 0.5615703125 0.5963243515625 0.6123251953125 0.6263694265625 0.5972353515625 0.6220117593750001 0.5492236328125
0 0.5918618328125 0.5555117187499999 0.5579176875 0.567857421875 0.559064184375 0.6231845703125 0.594384615625 0.615412109375 0.5918618328125 0.5555117187499999
0 0.554554140625 0.5658076171875 0.5242792749999999 0.5690078125 0.5265727578125 0.6302802734374999 0.556618325 0.6270791015625 0.554554140625 0.5658076171875
1 0.522444390625 0.5749521484375 0.496081821875 0.5781835937500001 0.49583978437500004 0.6353095703125 0.5249676625 0.6307373046875 0.522444390625 0.5749521484375
1 0.4606384125 0.5669482421875001 0.4335776578125 0.567236328125 0.43360950468750004 0.6329599609375001 0.46114551718749996 0.630265625 0.4606384125 0.5669482421875001
1 0.385066634375 0.5505322265625 0.3383057328125 0.546291015625 0.3248838796875 0.6187822265625 0.3731861828125 0.62345703125 0.385066634375 0.5505322265625
0 0.39569622656250003 0.6957587890625 0.3953836359375 0.637169921875 0.36858157812500003 0.637001953125 0.36568299843749996 0.6368583984375 0.365995590625 0.6960703125000001 0.39569622656250003 0.6957587890625