1 0.51875 0.50859375 0.05390625 0.07109375
1 0.4609375 0.5140625 0.05234375 0.06796875
0 0.58515625 0.67265625 0.03515625 0.225
0 0.52109375 0.66640625 0.03046875 0.18046875
0 0.18520088125 0.688166015625 0.242061734375 0.5805693359374999 0.20511856874999998 0.47425292968750005 0.1482577171875 0.5927373046875 0.18520088125 0.688166015625
0 0.20626506562500002 0.40630078125 0.21162224375 0.2601875 0.1635389515625 0.2506689453125 0.1535805984375 0.3928505859375 0.20626506562500002 0.40630078125
0 0.6303488484375 0.26569921875 0.5905570796874999 0.26434375 0.5877839296875 0.45540917968750005 0.6287682515624999 0.45233691406250004 0.6303488484375 0.26569921875
2 0.583777559375 0.3485107421875 0.56621313125 0.3485107421875 0.54248505625 0.35096777343749996 0.547723665625 0.53650390625 0.592097990625 0.532203125 0.583777559375 0.3485107421875
0 0.37615335625 0.5483095703124999 0.3401450265625 0.5291044921875 0.3332645765625 0.5844326171875001 0.370878490625 0.6013505859375 0.37615335625 0.5483095703124999
0 0.4061984328125 0.5615703125 0.377988240625 0.5492236328125 0.3736305734375 0.5972353515625 0.40367564843750003 0.6123251953125 0.4061984328125 0.5615703125
0 0.4420823125 0.567857421875 0.40813816718749996 0.5555117187499999 0.405615384375 0.615412109375 0.44093581562499995 0.6231845703125 0.4420823125 0.567857421875
0 0.47572072500000007 0.5690078125 0.44544585937500003 0.5658076171875 0.44338167500000003 0.6270791015625 0.4734272421875 0.6302802734374999 0.47572072500000007 0.5690078125
1 0.503918178125 0.5781835937500001 0.47755560937499997 0.5749521484375 0.47503233749999996 0.6307373046875 0.504160215625 0.6353095703125 0.503918178125 0.5781835937500001
1 0.5664223421875 0.567236328125 0.5393615875 0.5669482421875001 0.5388544828125 0.630265625 0.5663904953125 0.6329599609375001 0.5664223421875 0.567236328125
1 0.6616942671875 0.546291015625 0.614933365625 0.5505322265625 0.6268138171875 0.62345703125 0.6751161203125 0.6187822265625 0.6616942671875 0.546291015625
0 0.6314184218750001 0.637001953125 0.6046163640625 0.637169921875 0.6043037734375 0.6957587890625 0.634004409375 0.6960703125000001 0.6343170015624999 0.6368583984375 0.6314184218750001 0.637001953125