3 0.52421875 0.4296875 0.04140625 0.25859375
3 0.4796875 0.4328125 0.03828125 0.240625
3 0.62265625 0.39375 0.0328125 0.21796875
0 0.5428711421875 0.702072265625 0.529544340625 0.5660546875 0.5115139640625 0.57230859375 0.5154336109375001 0.69765625 0.5428711421875 0.702072265625
0 0.5561979421875 0.562927734375 0.5342479171875001 0.5613642578125 0.53659970625 0.6082666015625 0.5507104359375 0.716142578125 0.5644292015625 0.711328125 0.5561979421875 0.562927734375
0 0.57422831875 0.703515625 0.5930426265625 0.695818359375 0.5914747671875 0.5644912109375 0.581283684375 0.5488564453125 0.5640372359375 0.5551103515625 0.5585497312500001 0.5644912109375 0.57422831875 0.703515625
0 0.46251837343749996 0.6859375 0.48642822187499996 0.7083251953125 0.4911317984375 0.603576171875 0.48721215156250003 0.5644912109375 0.46369426718750006 0.562927734375 0.46251837343749996 0.6859375
0 0.358647721875 0.31875 0.3555120046875 0.5113349609375 0.368054875 0.52696875 0.3931406171875 0.49570019531250004 0.393924546875 0.44879785156249996 0.37354238125 0.30808984375000004 0.358647721875 0.31875
1 0.57187653125 0.4253466796875 0.5601175890625 0.50664453125 0.578931896875 0.5191513671875 0.6016658500000001 0.5097714843750001 0.5969622734375 0.42221972656249995 0.57187653125 0.4253466796875
1 0.41254287187500005 0.4046875 0.4001959828125 0.48475683593749996 0.41979421875 0.530095703125 0.44487996093750004 0.5254052734375 0.4519353265625 0.41440234374999996 0.41254287187500005 0.4046875
1 0.3517883390625 0.715234375 0.3766780984375 0.709888671875 0.4001959828125 0.5316591796875 0.3915727578125 0.5316591796875 0.3562959328125 0.5316591796875 0.3517883390625 0.715234375
1 0.4323370890625 0.5582373046875 0.410387065625 0.53322265625 0.4009799125 0.5488564453125 0.382949534375 0.7083251953125 0.4096031359375 0.72890625 0.4323370890625 0.5582373046875
1 0.28123468906250004 0.305078125 0.258304753125 0.41596582031249996 0.2653601171875 0.4644326171875 0.299069084375 0.5050810546875 0.32650661406250003 0.32059765625000003 0.28123468906250004 0.305078125
1 0.3131798140625 0.5035175781250001 0.3500244984375 0.5316591796875 0.35394414531249996 0.3331044921875 0.3292503671875 0.31875 0.3131798140625 0.5035175781250001
1 0.678125 0.43046875 0.04296875 0.1875
1 0.71953125 0.3921875 0.0328125 0.13125
1 0.749828515625 0.45036132812499996 0.7341499265625 0.46912207031250003 0.7129838312500001 0.49101074218749996 0.7114159718749999 0.5453125 0.7733463984375 0.61295703125 0.7913767765624999 0.583251953125 0.7976482109374999 0.54729296875 0.7804017640625001 0.5160253906250001 0.749828515625 0.45036132812499996