0 0.6534051937500001 0.542603515625 0.6392944640625 0.38000781250000004 0.6124448796874999 0.3734375 0.6118569328125 0.49570019531250004 0.6267515921875 0.553546875 0.6534051937500001 0.542603515625
1 0.6769230765625001 0.67862109375 0.6730034296875 0.61295703125 0.6604605578125 0.5660546875 0.629887309375 0.5941962890625 0.6545810875 0.69375 0.7004409609375 0.7771162109375 0.6988731015625 0.748974609375 0.6769230765625001 0.67862109375
1 0.3092601671875 0.57230859375 0.3084762375 0.38782421875 0.2779029890625 0.3862607421875 0.27927486562500003 0.488671875 0.266144046875 0.5254052734375 0.27476727031250003 0.5582373046875 0.3092601671875 0.57230859375
1 0.28574228281249997 0.583251953125 0.244194021875 0.5394765625 0.2018618328125 0.683984375 0.22694757499999998 0.716142578125 0.2873101421875 0.6270283203125 0.28574228281249997 0.583251953125
0 0.1775600203125 0.5160253906250001 0.16658500781250002 0.637109375 0.19715825625 0.6708037109375 0.23870651718749997 0.5394765625 0.1979421859375 0.5019541015625 0.1775600203125 0.5160253906250001
0 0.488780009375 0.5347861328125 0.4629103375 0.3815712890625 0.4339049484375 0.394078125 0.44409603124999997 0.5848154296875 0.45742283125 0.5973232421875 0.4856442921875 0.58637890625 0.488780009375 0.5347861328125
0 0.4934835859375 0.5910693359375 0.53659970625 0.5848154296875 0.535031846875 0.4128388671875 0.4938755515625 0.4046875 0.4950514453125 0.5097714843750001 0.4856442921875 0.5879423828125 0.4934835859375 0.5910693359375
0 0.49583537499999997 0.6113935546875 0.4691817734375 0.6051396484375 0.454679078125 0.7328125 0.46839784375000004 0.763044921875 0.48642822187499996 0.7599189453124999 0.49583537499999997 0.6113935546875
0 0.4981871625 0.6739306640625 0.4981871625 0.7677353515625 0.5232729046875 0.763044921875 0.5242528171874999 0.7484375 0.5279764828125 0.609830078125 0.5052425281249999 0.606703125 0.5021068109375 0.609830078125 0.4981871625 0.6739306640625
1 0.7223909843749999 0.5441669921875001 0.7059284671875 0.542603515625 0.6690837828125 0.57387109375 0.6808427234375001 0.63328125 0.7192552671875 0.7328125 0.746692796875 0.6911279296874999 0.733365996875 0.630154296875 0.7223909843749999 0.5441669921875001
1 0.7608035281250001 0.3628095703125 0.7398334156249999 0.391015625 0.7325820671875001 0.5410400390625 0.778049975 0.5441669921875001 0.7827535515624999 0.5160253906250001 0.7608035281250001 0.3628095703125
1 0.8321411078125 0.48475683593749996 0.814894659375 0.3753173828125 0.7819696234375 0.38125 0.7866732 0.5222783203125 0.7992160703125 0.5191513671875 0.8321411078125 0.48475683593749996
1 0.2277315046875 0.48475683593749996 0.2292993625 0.3753173828125 0.2057814796875 0.375390625 0.1893189609375 0.44254394531249996 0.182263596875 0.4644326171875 0.21283684531249997 0.4988271484375 0.2277315046875 0.48475683593749996
1 0.255169034375 0.5285322265625 0.2653601171875 0.5254052734375 0.27006369375 0.4597421875 0.2684958359375 0.3675 0.24576188124999998 0.34873925781250004 0.23811856874999998 0.426171875 0.2332190109375 0.4519248046875 0.2292993625 0.5019541015625 0.23243508125 0.5191513671875 0.255169034375 0.5285322265625
1 0.7223909843749999 0.5254052734375 0.73493385625 0.49570019531250004 0.7247427734375 0.4190927734375 0.716903478125 0.3784443359375 0.6927976484375 0.394921875 0.679274865625 0.4816298828125 0.67770700625 0.52071484375 0.69965703125 0.536349609375 0.7223909843749999 0.5254052734375