1 0.2234375 0.50078125 0.0375 0.07109375
0 0.2652961328125 0.5441669921875001 0.258247675 0.5676181640625 0.258247675 0.5848154296875 0.24650024531249998 0.6864375 0.24571708281250002 0.7177060546875 0.2715614296875 0.689564453125 0.2907488984375 0.637109375 0.3107195296875 0.589505859375 0.3021047484375 0.5644912109375 0.283308859375 0.5441669921875001 0.2652961328125 0.5441669921875001
0 0.2872246703125 0.5144619140625 0.2809593734375 0.4597421875 0.2786098875 0.3675 0.272344590625 0.340921875 0.25256975000000004 0.42421875 0.24650024531249998 0.530095703125 0.24650024531249998 0.54573046875 0.284092021875 0.5410400390625 0.2872246703125 0.5144619140625
1 0.313852178125 0.562927734375 0.3271659328125 0.5582373046875 0.3318649046875 0.49101074218749996 0.3216837984375 0.4378544921875 0.28879099375 0.4515625 0.2903573171875 0.50664453125 0.2903573171875 0.5379130859375 0.2974057765625 0.5551103515625 0.313852178125 0.562927734375
0 0.355359765625 0.49413671875 0.354576603125 0.44879785156249996 0.33284385781250003 0.437890625 0.3326480671875 0.4878837890625 0.3357807140625 0.5316591796875 0.354576603125 0.53322265625 0.355359765625 0.49413671875
0 0.38277043593750004 0.4581787109375 0.35927557499999996 0.465234375 0.35927557499999996 0.5254052734375 0.378854625 0.5347861328125 0.38277043593750004 0.49413671875 0.38277043593750004 0.4581787109375
1 0.3467449828125 0.5754345703125 0.343612334375 0.603576171875 0.358296621875 0.617578125 0.3866862453125 0.6051396484375 0.383553596875 0.5754345703125 0.3710230046875 0.5582373046875 0.3467449828125 0.5754345703125
1 0.7837493875 0.46130566406250006 0.7767009296875 0.42691015625000006 0.7579050421875 0.41596582031249996 0.739109153125 0.445703125 0.7414586390625 0.4988271484375 0.75555555625 0.5019541015625 0.7782672546875 0.48319335937499996 0.7837493875 0.46130566406250006
1 0.7234459125 0.53322265625 0.7359765046875 0.5191513671875 0.739109153125 0.4988271484375 0.728928046875 0.447234375 0.708565834375 0.45036132812499996 0.6960352421875 0.50234375 0.698384728125 0.5394765625 0.7007342140625 0.5379130859375 0.7234459125 0.53322265625
1 0.7007342140625 0.5676181640625 0.7007342140625 0.542603515625 0.6850709734375 0.5347861328125 0.65296133125 0.5296875 0.6513950078125 0.580125 0.6866372984375 0.58637890625 0.7007342140625 0.5676181640625
1 0.7304943703125 0.52696875 0.7250122375 0.553546875 0.7970631421875 0.6723671875 0.8158590312499999 0.6207744140625 0.770435634375 0.5019541015625 0.75320606875 0.5050810546875 0.7304943703125 0.52696875
0 0.5707293203125 0.703515625 0.59187469375 0.6989453125 0.58247675 0.5644912109375 0.557415565625 0.5707451171875 0.5707293203125 0.703515625
0 0.5245227609375 0.5754345703125 0.53235438125 0.689564453125 0.5599608421875 0.69375 0.558198728125 0.6317177734375 0.547234459375 0.57230859375 0.5245227609375 0.5754345703125
0 0.40783162031250003 0.70519921875 0.4336759671875 0.723046875 0.444640234375 0.5754345703125 0.4187958890625 0.5785615234375 0.40783162031250003 0.70519921875
0 0.44346549218750003 0.709375 0.4689182578125 0.7130156249999999 0.47205090624999996 0.5785615234375 0.44777288281249994 0.5816884765625 0.44346549218750003 0.709375
0 0.434459128125 0.4128388671875 0.4072442484375 0.4125 0.4086147828125 0.55980078125 0.440724425 0.55980078125 0.434459128125 0.4128388671875