1 0.7765625 0.50078125 0.0375 0.07109375
0 0.6892804703125 0.589505859375 0.7092511015625 0.637109375 0.7284385703125 0.689564453125 0.7542829171875 0.7177060546875 0.7534997546875 0.6864375 0.741752325 0.5848154296875 0.741752325 0.5676181640625 0.7347038671874999 0.5441669921875001 0.716691140625 0.5441669921875001 0.6978952515625 0.5644912109375 0.6892804703125 0.589505859375
0 0.7534997546875 0.530095703125 0.7474302500000001 0.42421875 0.727655409375 0.340921875 0.7213901125 0.3675 0.7190406265625 0.4597421875 0.7127753296875 0.5144619140625 0.715907978125 0.5410400390625 0.7534997546875 0.54573046875 0.7534997546875 0.530095703125
1 0.7096426828125 0.50664453125 0.71120900625 0.4515625 0.6783162015624999 0.4378544921875 0.6681350953125 0.49101074218749996 0.6728340671875 0.5582373046875 0.686147821875 0.562927734375 0.7025942234375 0.5551103515625 0.7096426828125 0.5379130859375 0.7096426828125 0.50664453125
0 0.6673519328124999 0.4878837890625 0.6671561421875001 0.437890625 0.6454233968749999 0.44879785156249996 0.644640234375 0.49413671875 0.6454233968749999 0.53322265625 0.6642192859375 0.5316591796875 0.6673519328124999 0.4878837890625
0 0.6407244249999999 0.5254052734375 0.6407244249999999 0.465234375 0.6172295640625001 0.4581787109375 0.6172295640625001 0.49413671875 0.621145375 0.5347861328125 0.6407244249999999 0.5254052734375
1 0.6133137546875 0.6051396484375 0.641703378125 0.617578125 0.656387665625 0.603576171875 0.6532550171875 0.5754345703125 0.6289769953125 0.5582373046875 0.616446403125 0.5754345703125 0.6133137546875 0.6051396484375
1 0.2585413609375 0.4988271484375 0.260890846875 0.445703125 0.2420949578125 0.41596582031249996 0.22329907031250001 0.42691015625000006 0.21625061250000002 0.46130566406250006 0.22173274531249998 0.48319335937499996 0.24444444375000002 0.5019541015625 0.2585413609375 0.4988271484375
1 0.3039647578125 0.50234375 0.291434165625 0.45036132812499996 0.271071953125 0.447234375 0.260890846875 0.4988271484375 0.26402349531249997 0.5191513671875 0.2765540875 0.53322265625 0.2992657859375 0.5379130859375 0.301615271875 0.5394765625 0.3039647578125 0.50234375
1 0.34703866875 0.5296875 0.3149290265625 0.5347861328125 0.2992657859375 0.542603515625 0.2992657859375 0.5676181640625 0.3133627015625 0.58637890625 0.34860499218749996 0.580125 0.34703866875 0.5296875
1 0.18414096875 0.6207744140625 0.2029368578125 0.6723671875 0.2749877625 0.553546875 0.26950562968749997 0.52696875 0.24679393125 0.5050810546875 0.22956436562500002 0.5019541015625 0.18414096875 0.6207744140625
0 0.40812530625 0.6989453125 0.4292706796875 0.703515625 0.44258443437499995 0.5707451171875 0.41752325 0.5644912109375 0.40812530625 0.6989453125
0 0.4400391578125 0.69375 0.46764561875000005 0.689564453125 0.4754772390625 0.5754345703125 0.452765540625 0.57230859375 0.441801271875 0.6317177734375 0.4400391578125 0.69375
0 0.5663240328125 0.723046875 0.5921683796874999 0.70519921875 0.5812041109375 0.5785615234375 0.555359765625 0.5754345703125 0.5663240328125 0.723046875
0 0.5310817421875 0.7130156249999999 0.5565345078124999 0.709375 0.5522271171875001 0.5816884765625 0.52794909375 0.5785615234375 0.5310817421875 0.7130156249999999
0 0.5927557515624999 0.4125 0.565540871875 0.4128388671875 0.559275575 0.55980078125 0.5913852171875 0.55980078125 0.5927557515624999 0.4125