1 0.778125 0.471875 0.05625 0.053125
1 0.728125 0.53984375 0.059375 0.05703125
1 0.63203125 0.5953125 0.05390625 0.07109375
0 0.3609375 0.703125 0.0265625 0.1921875
0 0.39453125 0.6984375 0.0359375 0.22421875
0 0.3219010296875 0.766015625 0.3434590890625 0.648916015625 0.3434590890625 0.589505859375 0.3277805 0.595759765625 0.305830475 0.6410986328125 0.2987751109375 0.7521015625 0.3219010296875 0.766015625
0 0.6099951 0.5113349609375 0.5933366 0.35 0.5645271921874999 0.3596826171875 0.5684468390624999 0.5285322265625 0.60215580625 0.5316591796875 0.6099951 0.5113349609375
0 0.7291523765625 0.350302734375 0.7168054875000001 0.254296875 0.7017148453125001 0.2596240234375 0.689171975 0.4456708984375 0.6962273390625 0.47224902343749997 0.7291523765625 0.4456708984375 0.72993630625 0.42065625000000006 0.7291523765625 0.350302734375
0 0.66722195 0.4581787109375 0.6570308671875 0.297265625 0.6272415484375 0.29089257812499997 0.622537971875 0.4190927734375 0.6311611953125 0.46755859375000003 0.66722195 0.4581787109375
1 0.5684468390624999 0.53322265625 0.5472807453125 0.3734375 0.5284664375 0.37375390625 0.535521803125 0.54573046875 0.5684468390624999 0.53322265625
1 0.5227829500000001 0.38515625 0.5049485546875 0.409712890625 0.505732484375 0.536349609375 0.5308182265625 0.5254052734375 0.5227829500000001 0.38515625
3 0.4108770203125 0.3331044921875 0.3881430671875 0.3331044921875 0.40382165625 0.5707451171875 0.43909848125 0.5316591796875 0.4108770203125 0.3331044921875
0 0.37089661875 0.5441669921875001 0.36207741250000003 0.36953125 0.3254287109375 0.36124609375 0.3379715828125 0.5488564453125 0.37089661875 0.5441669921875001
0 0.3175894171875 0.340921875 0.2815286625 0.35186621093750003 0.288584028125 0.5222783203125 0.323860853125 0.5551103515625 0.3364037234375 0.5410400390625 0.3175894171875 0.340921875