1 0.221875 0.471875 0.05625 0.053125
1 0.271875 0.53984375 0.059375 0.05703125
1 0.36796875 0.5953125 0.05390625 0.07109375
0 0.6390625 0.703125 0.0265625 0.1921875
0 0.60546875 0.6984375 0.0359375 0.22421875
0 0.6722195 0.595759765625 0.6565409109375 0.589505859375 0.6565409109375 0.648916015625 0.6780989703125 0.766015625 0.7012248890625 0.7521015625 0.6941695250000001 0.6410986328125 0.6722195 0.595759765625
0 0.43547280781250003 0.3596826171875 0.40666339999999995 0.35 0.3900049 0.5113349609375 0.39784419375 0.5316591796875 0.4315531609375 0.5285322265625 0.43547280781250003 0.3596826171875
0 0.3037726609375 0.47224902343749997 0.310828025 0.4456708984375 0.2982851546875 0.2596240234375 0.2831945125 0.254296875 0.2708476234375 0.350302734375 0.27006369375 0.42065625000000006 0.2708476234375 0.4456708984375 0.3037726609375 0.47224902343749997
0 0.3727584515625 0.29089257812499997 0.3429691328125 0.297265625 0.33277805 0.4581787109375 0.3688388046875 0.46755859375000003 0.37746202812499996 0.4190927734375 0.3727584515625 0.29089257812499997
1 0.45271925468749996 0.3734375 0.4315531609375 0.53322265625 0.464478196875 0.54573046875 0.4715335625 0.37375390625 0.45271925468749996 0.3734375
1 0.4950514453125 0.409712890625 0.47721705 0.38515625 0.4691817734375 0.5254052734375 0.494267515625 0.536349609375 0.4950514453125 0.409712890625
3 0.6118569328125 0.3331044921875 0.5891229796874999 0.3331044921875 0.5609015187499999 0.5316591796875 0.59617834375 0.5707451171875 0.6118569328125 0.3331044921875
0 0.6379225875000001 0.36953125 0.62910338125 0.5441669921875001 0.6620284171875 0.5488564453125 0.6745712890625 0.36124609375 0.6379225875000001 0.36953125
0 0.7114159718749999 0.5222783203125 0.7184713375 0.35186621093750003 0.6824105828125 0.340921875 0.6635962765625 0.5410400390625 0.676139146875 0.5551103515625 0.7114159718749999 0.5222783203125