3 0.41171875 0.378125 0.02890625 0.21640625
1 0.3484566390625 0.3049638671875 0.32729054375 0.305078125 0.317883390625 0.49257421875 0.3562959328125 0.497263671875 0.3727584515625 0.48319335937499996 0.3484566390625 0.3049638671875
0 0.3649191578125 0.30808984375000004 0.3517883390625 0.31484375 0.371974521875 0.45348828125 0.3931406171875 0.4316005859375 0.3915727578125 0.397205078125 0.3649191578125 0.30808984375000004
0 0.3594316515625 0.5347861328125 0.3468887796875 0.6546875 0.382949534375 0.642662109375 0.3876531109375 0.5285322265625 0.3594316515625 0.5347861328125
0 0.32493875625 0.553546875 0.32572268437499996 0.536349609375 0.3092601671875 0.5097714843750001 0.2684958359375 0.641015625 0.263792259375 0.659859375 0.2873101421875 0.689564453125 0.32493875625 0.553546875
0 0.2833904953125 0.47850292968749997 0.24595786406250003 0.6390625 0.25987261093749997 0.6536064453125 0.3076923078125 0.5019541015625 0.2833904953125 0.47850292968749997
1 0.3170994609375 0.390951171875 0.3084762375 0.31747070312500003 0.28809407187499997 0.305078125 0.2739833421875 0.46599609375 0.3084762375 0.49413671875 0.312395884375 0.48475683593749996 0.3170994609375 0.390951171875
0 0.45820676093749996 0.4988271484375 0.46055855 0.31875 0.4299853015625 0.3221611328125 0.4299853015625 0.49570019531250004 0.45820676093749996 0.4988271484375
0 0.3131798140625 0.6911279296874999 0.32729054375 0.6864375 0.3359137671875 0.6770576171875 0.3562959328125 0.542603515625 0.3351298390625 0.5285322265625 0.31161195468749997 0.6546875 0.31396374374999997 0.6504794921875 0.3061244484375 0.6864375 0.3131798140625 0.6911279296874999
0 0.61812836875 0.5519833984375 0.5930426265625 0.553546875 0.5957863796875 0.691796875 0.59617834375 0.7083251953125 0.61812836875 0.7005087890625 0.61812836875 0.5519833984375
0 0.649681528125 0.699609375 0.640862321875 0.550419921875 0.6212640859375 0.5582373046875 0.622048015625 0.6973818359374999 0.649681528125 0.699609375
0 0.6438020578125 0.5453125 0.6534051937500001 0.6942548828125 0.6800587953125 0.6723671875 0.6588927 0.5410400390625 0.6438020578125 0.5453125
0 0.7051445375000001 0.648916015625 0.676139146875 0.5191513671875 0.6612444875000001 0.5379130859375 0.6855463015625001 0.669240234375 0.7051445375000001 0.648916015625
0 0.7251347375 0.633203125 0.692601665625 0.523841796875 0.6800587953125 0.530095703125 0.7114159718749999 0.6551689453125 0.7251347375 0.633203125
0 0.7325820671875001 0.6504794921875 0.748652621875 0.62734375 0.7137677609375 0.497263671875 0.6965213125 0.5019541015625 0.695737384375 0.5175888671875 0.7325820671875001 0.6504794921875
0 0.6635962765625 0.49570019531250004 0.6659480640625 0.44410742187499996 0.6839784421874999 0.29401953125 0.6389024984375 0.2875 0.61812836875 0.5035175781250001 0.654973053125 0.5113349609375 0.6635962765625 0.49570019531250004
1 0.57187653125 0.329978515625 0.5389514937500001 0.33046875 0.5389514937500001 0.5019541015625 0.5671729546875001 0.5097714843750001 0.57187653125 0.329978515625
1 0.6692797640625 0.441796875 0.6698677125 0.5050810546875 0.71063204375 0.4878837890625 0.7074963249999999 0.43316406250000006 0.6692797640625 0.441796875
1 0.7184713375 0.2924560546875 0.7074963249999999 0.414453125 0.7137677609375 0.4816298828125 0.751396375 0.45661523437499996 0.7435570796875 0.2924560546875 0.7184713375 0.2924560546875