1 0.6453125 0.4234375 0.03828125 0.21015625
1 0.5640625 0.44375 0.0328125 0.20390625
1 0.385595296875 0.5453125 0.39206271406250004 0.523841796875 0.3748162671875 0.500390625 0.3544341015625 0.5050810546875 0.33091621718750003 0.681748046875 0.34659480625 0.6880009765625 0.385595296875 0.5453125
0 0.383439490625 0.7130156249999999 0.4012738859375 0.7328125 0.43831455156250004 0.589505859375 0.43909848125 0.57387109375 0.440666340625 0.542603515625 0.4155805984375 0.542603515625 0.383439490625 0.7130156249999999
0 0.5384615390625 0.7015625 0.5441450265625 0.5754345703125 0.52062714375 0.5660546875 0.5198432140625 0.6020126953125 0.5229789312500001 0.7067617187499999 0.5384615390625 0.7015625
0 0.487506125 0.69375 0.49397354218749995 0.5644912109375 0.46731994062500004 0.5613642578125 0.46731994062500004 0.6942548828125 0.487506125 0.69375
1 0.66389025 0.680078125 0.646839784375 0.5676181640625 0.6444879953125 0.5441669921875001 0.6139147484375 0.5441669921875001 0.6115629593749999 0.5848154296875 0.6562469375 0.7474111328124999 0.6695737390625001 0.7380302734375 0.66389025 0.680078125
1 0.49005389531250004 0.33935839843750004 0.46888779999999997 0.47068554687499997 0.4681038703125 0.5488564453125 0.505732484375 0.54573046875 0.49005389531250004 0.33935839843750004
1 0.46340029375 0.54573046875 0.46888779999999997 0.36953125 0.44536991718749996 0.35186621093750003 0.4312591859375 0.5285322265625 0.46340029375 0.54573046875
1 0.433610975 0.46599609375 0.429691328125 0.340234375 0.4124448796875 0.2987099609375 0.40617344375000003 0.340921875 0.3951984328125 0.500390625 0.4100930921875 0.5316591796875 0.426555609375 0.5254052734375 0.433610975 0.46599609375
1 0.7589416953125 0.6051396484375 0.711905928125 0.46286914062499995 0.6640862328125 0.5410400390625 0.7369916703125 0.6739306640625 0.7589416953125 0.6051396484375
1 0.578637921875 0.562927734375 0.597256246875 0.72109375 0.619402253125 0.7536650390624999 0.6295933359375 0.7333408203125 0.62410583125 0.689564453125 0.6084272421875 0.57230859375 0.6052915234375 0.5441669921875001 0.578637921875 0.562927734375