1 0.3546875 0.4234375 0.03828125 0.21015625
1 0.4359375 0.44375 0.0328125 0.20390625
1 0.6455658984375 0.5050810546875 0.6251837328125001 0.500390625 0.6079372859375 0.523841796875 0.6144047031250001 0.5453125 0.6534051937500001 0.6880009765625 0.6690837828125 0.681748046875 0.6455658984375 0.5050810546875
0 0.5609015187499999 0.57387109375 0.5616854484375 0.589505859375 0.5987261140625 0.7328125 0.616560509375 0.7130156249999999 0.5844194015624999 0.542603515625 0.559333659375 0.542603515625 0.5609015187499999 0.57387109375
0 0.47937285625000003 0.5660546875 0.45585497343750003 0.5754345703125 0.4615384609375 0.7015625 0.47702106874999994 0.7067617187499999 0.4801567859375 0.6020126953125 0.47937285625000003 0.5660546875
0 0.5060264578125 0.5644912109375 0.512493875 0.69375 0.532680059375 0.6942548828125 0.532680059375 0.5613642578125 0.5060264578125 0.5644912109375
1 0.388437040625 0.5848154296875 0.3860852515625 0.5441669921875001 0.3555120046875 0.5441669921875001 0.353160215625 0.5676181640625 0.33610975 0.680078125 0.3304262609375 0.7380302734375 0.3437530625 0.7474111328124999 0.388437040625 0.5848154296875
1 0.5311122 0.47068554687499997 0.5099461046875 0.33935839843750004 0.494267515625 0.54573046875 0.5318961296875 0.5488564453125 0.5311122 0.47068554687499997
1 0.5311122 0.36953125 0.53659970625 0.54573046875 0.5687408140625 0.5285322265625 0.5546300828125 0.35186621093750003 0.5311122 0.36953125
1 0.6048015671875 0.500390625 0.59382655625 0.340921875 0.5875551203125 0.2987099609375 0.570308671875 0.340234375 0.566389025 0.46599609375 0.573444390625 0.5254052734375 0.5899069078125 0.5316591796875 0.6048015671875 0.500390625
1 0.28809407187499997 0.46286914062499995 0.24105830468749997 0.6051396484375 0.2630083296875 0.6739306640625 0.3359137671875 0.5410400390625 0.28809407187499997 0.46286914062499995
1 0.37589416875000004 0.689564453125 0.3704066640625 0.7333408203125 0.38059774687500003 0.7536650390624999 0.40274375312500005 0.72109375 0.42136207812500004 0.562927734375 0.3947084765625 0.5441669921875001 0.3915727578125 0.57230859375 0.37589416875000004 0.689564453125