1 0.19609375 0.42265625 0.03203125 0.07421875
1 0.2390625 0.4734375 0.04140625 0.0671875
1 0.3046875 0.58359375 0.05703125 0.134375
1 0.7421875 0.55078125 0.0671875 0.115625
1 0.67734375 0.56015625 0.053125 0.08046875
1 0.7484375 0.384375 0.0515625 0.15078125
1 0.69375 0.39765625 0.05 0.1734375
1 0.63125 0.43125 0.03828125 0.16640625
0 0.5578125 0.43125 0.034375 0.21015625
1 0.3625 0.428125 0.03359375 0.1984375
1 0.475 0.49375 0.04375 0.0921875
1 0.4453125 0.4921875 0.0140625 0.1078125
1 0.3890625 0.58125 0.03046875 0.06015625