1 0.80390625 0.42265625 0.03203125 0.07421875
1 0.7609375 0.4734375 0.04140625 0.0671875
1 0.6953125 0.58359375 0.05703125 0.134375
1 0.2578125 0.55078125 0.0671875 0.115625
1 0.32265625 0.56015625 0.053125 0.08046875
1 0.2515625 0.384375 0.0515625 0.15078125
1 0.30625 0.39765625 0.05 0.1734375
1 0.36875 0.43125 0.03828125 0.16640625
0 0.4421875 0.43125 0.034375 0.21015625
1 0.6375 0.428125 0.03359375 0.1984375
1 0.525 0.49375 0.04375 0.0921875
1 0.5546875 0.4921875 0.0140625 0.1078125
1 0.6109375 0.58125 0.03046875 0.06015625