1 0.7396374328124999 0.57230859375 0.7223909843749999 0.5019541015625 0.6780989703125 0.5453125 0.7161195499999999 0.6676767578125 0.744341009375 0.702072265625 0.77021068125 0.6567324218749999 0.7396374328124999 0.57230859375
1 0.8054875062500001 0.5410400390625 0.78118569375 0.5019541015625 0.7670749625 0.44254394531249996 0.7263106328125 0.4878837890625 0.7280744734375 0.504296875 0.7396374328124999 0.5441669921875001 0.7858892703125 0.616083984375 0.8101910828125 0.5785615234375 0.8054875062500001 0.5410400390625
1 0.668299853125 0.5144619140625 0.6675159234375 0.48944726562499996 0.6424301812500001 0.329978515625 0.6251837328125001 0.334375 0.6361587453124999 0.4644326171875 0.635374815625 0.4988271484375 0.640862321875 0.5285322265625 0.668299853125 0.5144619140625
1 0.3555120046875 0.58637890625 0.3672709453125 0.530095703125 0.36570308749999997 0.5097714843750001 0.3218030375 0.47850292968749997 0.3084762375 0.5113349609375 0.3092601671875 0.542603515625 0.28123468906250004 0.646875 0.32650661406250003 0.6911279296874999 0.33434590937499997 0.66611328125 0.3555120046875 0.58637890625
1 0.3296423328125 0.447234375 0.32650661406250003 0.394078125 0.32493875625 0.3127802734375 0.2831945125 0.31875 0.279470846875 0.430037109375 0.284174425 0.45505175781249996 0.2912297890625 0.4738125 0.3296423328125 0.447234375
1 0.3837334640625 0.616083984375 0.3970602640625 0.55980078125 0.3915727578125 0.5410400390625 0.3688388046875 0.52696875 0.36021558124999997 0.5785615234375 0.3390494859375 0.678125 0.3390494859375 0.6973818359374999 0.35394414531249996 0.7145791015625 0.3837334640625 0.616083984375
3 0.5921875 0.4359375 0.03359375 0.19921875
3 0.4921875 0.44375 0.03203125 0.203125
2 0.46015625 0.44921875 0.02421875 0.16953125
1 0.47109375 0.640625 0.028125 0.18359375
1 0.6643802062499999 0.45036132812499996 0.6741793234375 0.4984375 0.714551690625 0.46130566406250006 0.6918177359375 0.3159072265625 0.6588927 0.3331044921875 0.6643802062499999 0.45036132812499996
1 0.5413032828125 0.4378544921875 0.5107300343750001 0.4378544921875 0.5115139640625 0.553125 0.5452229296875 0.553546875 0.544439 0.4816298828125 0.5413032828125 0.4378544921875
0 0.570308671875 0.5613642578125 0.5546300828125 0.553546875 0.544439 0.5644912109375 0.5487506125 0.725 0.5671729546875001 0.7333408203125 0.57187653125 0.580125 0.570308671875 0.5613642578125