1 0.28388045 0.6676767578125 0.3219010296875 0.5453125 0.277609015625 0.5019541015625 0.2603625671875 0.57230859375 0.22978931875000003 0.6567324218749999 0.255658990625 0.702072265625 0.28388045 0.6676767578125
1 0.2603625671875 0.5441669921875001 0.2719255265625 0.504296875 0.2736893671875 0.4878837890625 0.2329250375 0.44254394531249996 0.21881430625 0.5019541015625 0.19451249375 0.5410400390625 0.18980891718749998 0.5785615234375 0.2141107296875 0.616083984375 0.2603625671875 0.5441669921875001
1 0.3638412546875 0.4644326171875 0.3748162671875 0.334375 0.35756981875 0.329978515625 0.3324840765625 0.48944726562499996 0.331700146875 0.5144619140625 0.359137678125 0.5285322265625 0.364625184375 0.4988271484375 0.3638412546875 0.4644326171875
1 0.7187653109375 0.646875 0.6907398328125 0.542603515625 0.6915237624999999 0.5113349609375 0.6781969625000001 0.47850292968749997 0.6342969125 0.5097714843750001 0.6327290546875 0.530095703125 0.6444879953125 0.58637890625 0.665654090625 0.66611328125 0.6734933859375001 0.6911279296874999 0.7187653109375 0.646875
1 0.720529153125 0.430037109375 0.7168054875000001 0.31875 0.67506124375 0.3127802734375 0.6734933859375001 0.394078125 0.6703576671875 0.447234375 0.7087702109375 0.4738125 0.715825575 0.45505175781249996 0.720529153125 0.430037109375
1 0.6609505140625 0.678125 0.6397844187499999 0.5785615234375 0.6311611953125 0.52696875 0.6084272421875 0.5410400390625 0.6029397359375 0.55980078125 0.6162665359374999 0.616083984375 0.6460558546875 0.7145791015625 0.6609505140625 0.6973818359374999 0.6609505140625 0.678125
3 0.4078125 0.4359375 0.03359375 0.19921875
3 0.5078125 0.44375 0.03203125 0.203125
2 0.53984375 0.44921875 0.02421875 0.16953125
1 0.52890625 0.640625 0.028125 0.18359375
1 0.285448309375 0.46130566406250006 0.32582067656249997 0.4984375 0.33561979375 0.45036132812499996 0.3411073 0.3331044921875 0.3081822640625 0.3159072265625 0.285448309375 0.46130566406250006
1 0.48848603593749995 0.553125 0.48926996562499997 0.4378544921875 0.4586967171875 0.4378544921875 0.455561 0.4816298828125 0.4547770703125 0.553546875 0.48848603593749995 0.553125
0 0.4512493875 0.725 0.455561 0.5644912109375 0.44536991718749996 0.553546875 0.429691328125 0.5613642578125 0.42812346874999996 0.580125 0.43282704531249994 0.7333408203125 0.4512493875 0.725