0 0.301910828125 0.58637890625 0.25722685 0.5613642578125 0.25173934375 0.6582958984375 0.2399804015625 0.7036357421874999 0.274473296875 0.7458476562499999 0.2987751109375 0.675494140625 0.301910828125 0.58637890625
1 0.32890625 0.62734375 0.0421875 0.046875
1 0.675 0.60625 0.04296875 0.0703125
1 0.72421875 0.58359375 0.04609375 0.08046875
1 0.7550220484375 0.47850292968749997 0.7346398828125 0.42691015625000006 0.702498775 0.4581787109375 0.7126898578125 0.5254052734375 0.7550220484375 0.47850292968749997
1 0.4828125 0.54140625 0.02734375 0.08515625
1 0.5109375 0.54453125 0.025 0.09140625
4 0.198432140625 0.695818359375 0.24840764375000002 0.6625 0.2509554140625 0.5910693359375 0.2376286140625 0.5488564453125 0.1819696234375 0.6176474609375 0.198432140625 0.695818359375
4 0.8200881921875001 0.6348447265625 0.8216560515625 0.547265625 0.7489461046875 0.5228906249999999 0.752670259375 0.6457890625 0.8200881921875001 0.6348447265625
4 0.247819696875 0.5254052734375 0.26604605625 0.396875 0.24860362500000002 0.3721904296875 0.2047035765625 0.47068554687499997 0.247819696875 0.5254052734375
4 0.7605095546875 0.48319335937499996 0.8012738859375 0.4190927734375 0.7534541890625001 0.31747070312500003 0.73228809375 0.3221611328125 0.7252327296875001 0.38000781250000004 0.7605095546875 0.48319335937499996
1 0.4359375 0.55234375 0.0234375 0.06015625