0 0.74277315 0.5613642578125 0.698089171875 0.58637890625 0.7012248890625 0.675494140625 0.725526703125 0.7458476562499999 0.7600195984375 0.7036357421874999 0.74826065625 0.6582958984375 0.74277315 0.5613642578125
1 0.67109375 0.62734375 0.0421875 0.046875
1 0.325 0.60625 0.04296875 0.0703125
1 0.27578125 0.58359375 0.04609375 0.08046875
1 0.2873101421875 0.5254052734375 0.297501225 0.4581787109375 0.2653601171875 0.42691015625000006 0.2449779515625 0.47850292968749997 0.2873101421875 0.5254052734375
1 0.5171875 0.54140625 0.02734375 0.08515625
1 0.4890625 0.54453125 0.025 0.09140625
4 0.801567859375 0.695818359375 0.8180303765625 0.6176474609375 0.7623713859375 0.5488564453125 0.7490445859375 0.5910693359375 0.75159235625 0.6625 0.801567859375 0.695818359375
4 0.247329740625 0.6457890625 0.2510538953125 0.5228906249999999 0.1783439484375 0.547265625 0.1799118078125 0.6348447265625 0.247329740625 0.6457890625
4 0.7952964234375 0.47068554687499997 0.751396375 0.3721904296875 0.73395394375 0.396875 0.7521803031250001 0.5254052734375 0.7952964234375 0.47068554687499997
4 0.23949044531250002 0.48319335937499996 0.27476727031250003 0.38000781250000004 0.26771190625 0.3221611328125 0.2465458109375 0.31747070312500003 0.19872611406250001 0.4190927734375 0.23949044531250002 0.48319335937499996
1 0.5640625 0.55234375 0.0234375 0.06015625