0 0.32589329375 0.722396484375 0.34312285781249996 0.6390625 0.3141458640625 0.603576171875 0.28516886874999997 0.6723671875 0.32589329375 0.722396484375
0 0.4402349484375 0.61295703125 0.43906020625000003 0.52578125 0.4112579546875 0.5316591796875 0.4104747921875 0.6051396484375 0.4402349484375 0.61295703125
0 0.513069015625 0.59888671875 0.5193343125000001 0.5375 0.5068037203125 0.5488564453125 0.5021047484375 0.5910693359375 0.513069015625 0.59888671875
0 0.5068037203125 0.580125 0.50993636875 0.45661523437499996 0.47860988750000005 0.45505175781249996 0.48017621093749996 0.57387109375 0.5068037203125 0.580125
0 0.4746940765625 0.609830078125 0.47430249687500003 0.543359375 0.43866862500000003 0.536349609375 0.4402349484375 0.609830078125 0.4746940765625 0.609830078125
0 0.4574645125 0.7005087890625 0.45766030312500006 0.644921875 0.441801271875 0.6442255859375 0.44101811093750004 0.695818359375 0.4574645125 0.7005087890625
0 0.3697503671875 0.6801845703125 0.38130200625 0.6234375 0.34625550625 0.6145205078125 0.3392070484375 0.6708037109375 0.3697503671875 0.6801845703125
4 0.2726382765625 0.3925146484375 0.28144885 0.305078125 0.260890846875 0.2658779296875 0.231130690625 0.31434375000000003 0.2726382765625 0.3925146484375
4 0.2491434171875 0.605859375 0.22721487968749998 0.5254052734375 0.199021046875 0.5848154296875 0.22408223125 0.681748046875 0.2491434171875 0.605859375
4 0.8296622609375 0.578515625 0.8067547718749999 0.49570019531250004 0.7816935875000001 0.5082080078125 0.756632403125 0.589505859375 0.7722956437499999 0.6442255859375 0.8083210968750001 0.6614228515625 0.8296622609375 0.578515625
4 0.7409691625 0.40033203124999994 0.7787567296875 0.285546875 0.7221732750000001 0.24555371093749997 0.6939794421875 0.3268515625 0.7409691625 0.40033203124999994
1 0.6117474296875 0.681748046875 0.610376896875 0.6234375 0.5882525703125 0.63328125 0.5921683796874999 0.681748046875 0.6117474296875 0.681748046875