0 0.6568771421874999 0.6390625 0.67410670625 0.722396484375 0.71483113125 0.6723671875 0.6858541359375 0.603576171875 0.6568771421874999 0.6390625
0 0.56093979375 0.52578125 0.5597650515625 0.61295703125 0.5895252078125 0.6051396484375 0.5887420453125001 0.5316591796875 0.56093979375 0.52578125
0 0.4806656875 0.5375 0.486930984375 0.59888671875 0.49789525156250003 0.5910693359375 0.4931962796875 0.5488564453125 0.4806656875 0.5375
0 0.49006363124999996 0.45661523437499996 0.4931962796875 0.580125 0.5198237890625 0.57387109375 0.5213901125 0.45505175781249996 0.49006363124999996 0.45661523437499996
0 0.525697503125 0.543359375 0.5253059234374999 0.609830078125 0.5597650515625 0.609830078125 0.561331375 0.536349609375 0.525697503125 0.543359375
0 0.5423396968749999 0.644921875 0.5425354875 0.7005087890625 0.5589818890625 0.695818359375 0.558198728125 0.6442255859375 0.5423396968749999 0.644921875
0 0.61869799375 0.6234375 0.6302496328125 0.6801845703125 0.6607929515625 0.6708037109375 0.65374449375 0.6145205078125 0.61869799375 0.6234375
4 0.7185511499999999 0.305078125 0.7273617234375 0.3925146484375 0.7688693093750001 0.31434375000000003 0.739109153125 0.2658779296875 0.7185511499999999 0.305078125
4 0.7727851203125 0.5254052734375 0.7508565828125 0.605859375 0.7759177687500001 0.681748046875 0.800978953125 0.5848154296875 0.7727851203125 0.5254052734375
4 0.24336759687499998 0.589505859375 0.2183064125 0.5082080078125 0.193245228125 0.49570019531250004 0.1703377390625 0.578515625 0.191678903125 0.6614228515625 0.22770435625 0.6442255859375 0.24336759687499998 0.589505859375
4 0.22124327031250002 0.285546875 0.2590308375 0.40033203124999994 0.30602055781250004 0.3268515625 0.277826725 0.24555371093749997 0.22124327031250002 0.285546875
1 0.38962310312500004 0.6234375 0.3882525703125 0.681748046875 0.40783162031250003 0.681748046875 0.4117474296875 0.63328125 0.38962310312500004 0.6234375