1 0.19545125000000002 0.4461953125 0.24313179843750002 0.479994140625 0.25054875 0.43457617187500003 0.20256981875000002 0.406658203125 0.19545125000000002 0.4461953125
1 0.2521381671875 0.4905556640625 0.308825575 0.5021748046875001 0.30829544375 0.44196972656250005 0.253727584375 0.4356328125 0.2521381671875 0.4905556640625
1 0.65 0.49609375 0.0234375 0.0625
1 0.6828125 0.484375 0.03046875 0.04453125
1 0.73359375 0.4515625 0.05 0.05078125
1 0.7151322875 0.5698017578125001 0.7601641359375 0.5402275390625 0.750097990625 0.49375390625 0.7066555609375 0.528609375 0.7151322875 0.5698017578125001
1 0.22013179843750003 0.544513671875 0.2704615390625 0.5814814453125 0.29377217031249997 0.5360644531250001 0.23434541874999998 0.4924228515625 0.22013179843750003 0.544513671875
3 0.3075463015625 0.735689453125 0.3403929453125 0.7451953125 0.36741205312499997 0.56458203125 0.3329759921875 0.5402890625000001 0.32901077968750003 0.5663125 0.3075463015625 0.735689453125
0 0.7781415968750001 0.5476748046875 0.8122655562500001 0.5052783203125 0.7919892203125001 0.45203710937499997 0.7578652625 0.5023203125 0.7781415968750001 0.5476748046875
4 0.20072317499999998 0.43698828125 0.22401371874999998 0.281435546875 0.1738892703125 0.283072265625 0.1576354734375 0.41609375000000004 0.20072317499999998 0.43698828125
4 0.8018706515625 0.44485351562500003 0.8053640375000001 0.26956640625 0.7675859875000001 0.2874228515625 0.759947084375 0.44717578125 0.8018706515625 0.44485351562500003
4 0.1438094078125 0.6033037109375 0.1851504171875 0.6265205078125 0.235807446875 0.48954101562499996 0.18261979374999998 0.45564160156250005 0.1438094078125 0.6033037109375