0 0.38142871093749997 0.5189208984375 0.366237628125 0.580794921875 0.39743655 0.596751953125 0.41393385625 0.5312958984375 0.38142871093749997 0.5189208984375
1 0.3264522296875 0.5122763671875 0.2859122984375 0.466990234375 0.2685982359375 0.511123046875 0.3102533078125 0.5641806640625 0.3264522296875 0.5122763671875
1 0.33136991718750003 0.5013193359375 0.31690641875000003 0.5526464843750001 0.36897501250000003 0.5630263671875 0.3811244484375 0.5117001953125 0.33136991718750003 0.5013193359375
1 0.3834385109375 0.4240400390625 0.332178834375 0.41655957031249996 0.33136991718750003 0.4626796875 0.3788103875 0.46902343750000003 0.3834385109375 0.4240400390625
1 0.42241646250000003 0.44873730468749995 0.3846139140625 0.4287421875 0.379728075 0.47129589843749997 0.4090440953125 0.49744335937499995 0.42241646250000003 0.44873730468749995
1 0.7079843218749999 0.39160253906250003 0.6686193046875 0.409880859375 0.6682518375 0.478958984375 0.7105835375 0.4500869140625 0.7079843218749999 0.39160253906250003
1 0.31171875 0.4171875 0.03046875 0.03359375
1 0.7 0.52890625 0.03046875 0.05859375
3 0.67199755 0.507849609375 0.6281886328125 0.5408603515625 0.6649485546875 0.7197734375 0.70837040625 0.6815478515625 0.67199755 0.507849609375
4 0.755791278125 0.440494140625 0.7174130328125 0.5035048828125 0.764821165625 0.6317773437499999 0.814487015625 0.575517578125 0.755791278125 0.440494140625
4 0.2327241546875 0.42337499999999995 0.1846344921875 0.565390625 0.23599363125 0.6137744140625 0.2822729046875 0.46524804687500004 0.2327241546875 0.42337499999999995