0 0.261636453125 0.490625 0.2520333171875 0.55980078125 0.295933365625 0.589505859375 0.3155316015625 0.5285322265625 0.261636453125 0.490625
0 0.5428711421875 0.492578125 0.5358157765625 0.536349609375 0.5601175890625 0.54729296875 0.5601175890625 0.5035175781250001 0.5428711421875 0.492578125
0 0.5732484078125 0.53359375 0.5695247421875 0.616083984375 0.6040176390625 0.6145205078125 0.6016658500000001 0.5347861328125 0.5732484078125 0.53359375
3 0.47780499687500005 0.430037109375 0.4715335625 0.5973232421875 0.51229789375 0.589505859375 0.5005389515625 0.41596582031249996 0.47780499687500005 0.430037109375
3 0.43998040156249996 0.426171875 0.44174424375 0.5848154296875 0.4762371390625 0.576998046875 0.45977462031250005 0.40658593749999994 0.43998040156249996 0.426171875
3 0.549730525 0.43203125 0.5420872125 0.49257421875 0.5624693781250001 0.5019541015625 0.5624693781250001 0.4316005859375 0.549730525 0.43203125
3 0.5781479671875001 0.387109375 0.57422831875 0.5285322265625 0.600097990625 0.530095703125 0.594610484375 0.38000781250000004 0.5781479671875001 0.387109375
1 0.39784419375 0.527734375 0.3907888296875 0.583251953125 0.4174424296875 0.5941962890625 0.418226359375 0.5254052734375 0.39784419375 0.527734375
1 0.317491425 0.54140625 0.30534051875 0.60044921875 0.35472807500000003 0.63953515625 0.36570308749999997 0.5551103515625 0.317491425 0.54140625
1 0.6604605578125 0.62734375 0.6573248406250001 0.6551689453125 0.692601665625 0.6536064453125 0.692601665625 0.6113935546875 0.6604605578125 0.62734375
1 0.6251837328125001 0.584375 0.6259676625 0.642662109375 0.6557569812499999 0.6473525390625 0.6596766296875 0.5941962890625 0.6251837328125001 0.584375
1 0.597746203125 0.56875 0.5993140625 0.61295703125 0.616560509375 0.61295703125 0.6173444390625 0.5676181640625 0.597746203125 0.56875