0 0.7479666828125 0.55980078125 0.7383635468749999 0.490625 0.6844683984375 0.5285322265625 0.704066634375 0.589505859375 0.7479666828125 0.55980078125
0 0.4641842234375 0.536349609375 0.4571288578125 0.492578125 0.4398824109375 0.5035175781250001 0.4398824109375 0.54729296875 0.4641842234375 0.536349609375
0 0.4304752578125 0.616083984375 0.4267515921875 0.53359375 0.39833415 0.5347861328125 0.3959823609375 0.6145205078125 0.4304752578125 0.616083984375
3 0.5284664375 0.5973232421875 0.522195003125 0.430037109375 0.49946104843750005 0.41596582031249996 0.48770210625 0.589505859375 0.5284664375 0.5973232421875
3 0.55825575625 0.5848154296875 0.5600195984375 0.426171875 0.5402253796875 0.40658593749999994 0.5237628609375 0.576998046875 0.55825575625 0.5848154296875
3 0.45791278750000003 0.49257421875 0.450269475 0.43203125 0.43753062187499997 0.4316005859375 0.43753062187499997 0.5019541015625 0.45791278750000003 0.49257421875
3 0.42577168125 0.5285322265625 0.4218520328125 0.387109375 0.40538951562500003 0.38000781250000004 0.399902009375 0.530095703125 0.42577168125 0.5285322265625
1 0.6092111703125 0.583251953125 0.60215580625 0.527734375 0.581773640625 0.5254052734375 0.5825575703125 0.5941962890625 0.6092111703125 0.583251953125
1 0.69465948125 0.60044921875 0.6825085750000001 0.54140625 0.6342969125 0.5551103515625 0.6452719250000001 0.63953515625 0.69465948125 0.60044921875
1 0.34267515937500004 0.6551689453125 0.3395394421875 0.62734375 0.307398334375 0.6113935546875 0.307398334375 0.6536064453125 0.34267515937500004 0.6551689453125
1 0.3740323375 0.642662109375 0.3748162671875 0.584375 0.34032337031250004 0.5941962890625 0.34424301874999996 0.6473525390625 0.3740323375 0.642662109375
1 0.40068593750000003 0.61295703125 0.402253796875 0.56875 0.3826555609375 0.5676181640625 0.383439490625 0.61295703125 0.40068593750000003 0.61295703125