1 0.65703125 0.50859375 0.025 0.03515625
1 0.74921875 0.4859375 0.0453125 0.07109375
1 0.6984375 0.5171875 0.04140625 0.05859375
3 0.58203125 0.4390625 0.03203125 0.2296875
1 0.621875 0.5078125 0.03671875 0.05625
1 0.29140625 0.484375 0.03515625 0.05625
1 0.24296875 0.46015625 0.0328125 0.04609375
1 0.36953125 0.609375 0.0328125 0.04609375
1 0.49609375 0.55 0.0140625 0.0453125
4 0.304262615625 0.5908203125 0.2665208234375 0.5322265625 0.207496325 0.68603515625 0.2454679078125 0.72509765625 0.304262615625 0.5908203125
4 0.751347378125 0.3271484375 0.7868691812499999 0.52001953125 0.8297403234375 0.4638671875 0.774620284375 0.29541015625 0.751347378125 0.3271484375
1 0.6265625 0.6203125 0.03203125 0.0484375
1 0.5921875 0.625 0.021875 0.06328125