1 0.34296875 0.50859375 0.025 0.03515625
1 0.25078125 0.4859375 0.0453125 0.07109375
1 0.3015625 0.5171875 0.04140625 0.05859375
3 0.41796875 0.4390625 0.03203125 0.2296875
1 0.378125 0.5078125 0.03671875 0.05625
1 0.70859375 0.484375 0.03515625 0.05625
1 0.75703125 0.46015625 0.0328125 0.04609375
1 0.63046875 0.609375 0.0328125 0.04609375
1 0.50390625 0.55 0.0140625 0.0453125
4 0.7334791765625 0.5322265625 0.695737384375 0.5908203125 0.7545320921875 0.72509765625 0.7925036750000001 0.68603515625 0.7334791765625 0.5322265625
4 0.21313081875 0.52001953125 0.24865262187499998 0.3271484375 0.225379715625 0.29541015625 0.17025967656250002 0.4638671875 0.21313081875 0.52001953125
1 0.3734375 0.6203125 0.03203125 0.0484375
1 0.4078125 0.625 0.021875 0.06328125