1 0.34610485 0.603576171875 0.35394414531249996 0.5488564453125 0.3037726609375 0.51015625 0.2896619296875 0.5551103515625 0.34610485 0.603576171875
1 0.295933365625 0.5394765625 0.30298873125000003 0.49570019531250004 0.25987261093749997 0.45505175781249996 0.25124938750000003 0.49413671875 0.295933365625 0.5394765625
1 0.2465458109375 0.38782421875 0.27006369375 0.44098046875 0.2912297890625 0.40658593749999994 0.2675159234375 0.35 0.2465458109375 0.38782421875
1 0.2206761390625 0.34561230468750004 0.24027437499999998 0.3893876953125 0.255169034375 0.34717578125 0.23713865781250001 0.3109375 0.2206761390625 0.34561230468750004
1 0.5413032828125 0.54729296875 0.5420872125 0.5082080078125 0.5311122 0.516015625 0.5311122 0.550419921875 0.5413032828125 0.54729296875
1 0.7184713375 0.497263671875 0.698089171875 0.44254394531249996 0.6526212640625 0.461328125 0.6604605578125 0.5379130859375 0.7184713375 0.497263671875
1 0.749828515625 0.447234375 0.725526703125 0.3956416015625 0.7006369421875001 0.426171875 0.7129838312500001 0.4878837890625 0.749828515625 0.447234375
1 0.778049975 0.3721904296875 0.7600195984375 0.32841503906249997 0.7270945609374999 0.3890625 0.746692796875 0.43316406250000006 0.778049975 0.3721904296875
1 0.6894659484375001 0.5910693359375 0.7341499265625 0.5379130859375 0.7231749140625 0.497263671875 0.6829985296875 0.54140625 0.6894659484375001 0.5910693359375
1 0.3947084765625 0.5410400390625 0.404899559375 0.4878837890625 0.367466928125 0.465234375 0.3562959328125 0.5222783203125 0.3947084765625 0.5410400390625
3 0.49191572812500006 0.583251953125 0.4989710921875 0.3721904296875 0.46251837343749996 0.38515625 0.4464478203125 0.57230859375 0.49191572812500006 0.583251953125
3 0.5311122 0.58637890625 0.5342479171875001 0.3721904296875 0.5066144046875001 0.379296875 0.4911317984375 0.5785615234375 0.5311122 0.58637890625
3 0.6620284171875 0.536349609375 0.6432141109375 0.35186621093750003 0.6251837328125001 0.363671875 0.627535521875 0.5519833984375 0.6620284171875 0.536349609375
3 0.36021558124999997 0.5128984375 0.375110240625 0.329978515625 0.3468887796875 0.3265625 0.3296423328125 0.4988271484375 0.36021558124999997 0.5128984375
4 0.78118569375 0.364373046875 0.7192552671875 0.2596240234375 0.69965703125 0.303125 0.74826065625 0.44098046875 0.78118569375 0.364373046875
4 0.2724154828125 0.2830751953125 0.21597256250000002 0.33623144531250004 0.24105830468749997 0.4018955078125 0.28123468906250004 0.305078125 0.2724154828125 0.2830751953125
4 0.7655071046875 0.6504794921875 0.807055365625 0.622337890625 0.77256246875 0.46912207031250003 0.7319941203125 0.50234375 0.7655071046875 0.6504794921875