1 0.7103380703125 0.5551103515625 0.6962273390625 0.51015625 0.6460558546875 0.5488564453125 0.65389515 0.603576171875 0.7103380703125 0.5551103515625
1 0.7487506125000001 0.49413671875 0.7401273890625 0.45505175781249996 0.6970112687500001 0.49570019531250004 0.704066634375 0.5394765625 0.7487506125000001 0.49413671875
1 0.7324840765625 0.35 0.7087702109375 0.40658593749999994 0.72993630625 0.44098046875 0.7534541890625001 0.38782421875 0.7324840765625 0.35
1 0.7628613421875 0.3109375 0.7448309656250001 0.34717578125 0.759725625 0.3893876953125 0.7793238609375 0.34561230468750004 0.7628613421875 0.3109375
1 0.46888779999999997 0.550419921875 0.46888779999999997 0.516015625 0.45791278750000003 0.5082080078125 0.4586967171875 0.54729296875 0.46888779999999997 0.550419921875
1 0.3395394421875 0.5379130859375 0.3473787359375 0.461328125 0.301910828125 0.44254394531249996 0.2815286625 0.497263671875 0.3395394421875 0.5379130859375
1 0.28701616875 0.4878837890625 0.2993630578125 0.426171875 0.274473296875 0.3956416015625 0.250171484375 0.447234375 0.28701616875 0.4878837890625
1 0.253307203125 0.43316406250000006 0.2729054390625 0.3890625 0.2399804015625 0.32841503906249997 0.221950025 0.3721904296875 0.253307203125 0.43316406250000006
1 0.31700147031250003 0.54140625 0.2768250859375 0.497263671875 0.2658500734375 0.5379130859375 0.3105340515625 0.5910693359375 0.31700147031250003 0.54140625
1 0.6437040671875 0.5222783203125 0.632533071875 0.465234375 0.595100440625 0.4878837890625 0.6052915234375 0.5410400390625 0.6437040671875 0.5222783203125
3 0.5535521796875 0.57230859375 0.5374816265625 0.38515625 0.5010289078125 0.3721904296875 0.5080842718749999 0.583251953125 0.5535521796875 0.57230859375
3 0.5088682015625 0.5785615234375 0.4933855953125 0.379296875 0.46575208281249997 0.3721904296875 0.46888779999999997 0.58637890625 0.5088682015625 0.5785615234375
3 0.372464478125 0.5519833984375 0.3748162671875 0.363671875 0.35678588906250003 0.35186621093750003 0.3379715828125 0.536349609375 0.372464478125 0.5519833984375
3 0.6703576671875 0.4988271484375 0.6531112203125 0.3265625 0.624889759375 0.329978515625 0.6397844187499999 0.5128984375 0.6703576671875 0.4988271484375
4 0.25173934375 0.44098046875 0.30034296875 0.303125 0.2807447328125 0.2596240234375 0.21881430625 0.364373046875 0.25173934375 0.44098046875
4 0.7187653109375 0.305078125 0.7589416953125 0.4018955078125 0.7840274375 0.33623144531250004 0.7275845171875 0.2830751953125 0.7187653109375 0.305078125
4 0.2680058796875 0.50234375 0.22743753125000002 0.46912207031250003 0.192944634375 0.622337890625 0.2344928953125 0.6504794921875 0.2680058796875 0.50234375