3 0.6703125 0.446875 0.0265625 0.21015625
1 0.29453125 0.503125 0.04296875 0.06875
1 0.415625 0.5234375 0.028125 0.08046875
1 0.71484375 0.5015625 0.0453125 0.07578125
1 0.7625 0.47109375 0.0328125 0.078125
1 0.278125 0.6203125 0.046875 0.0875
1 0.61953125 0.6359375 0.0109375 0.03671875
1 0.33828125 0.63359375 0.03203125 0.04609375
1 0.65625 0.63125 0.03671875 0.0265625
1 0.71015625 0.62109375 0.0453125 0.03671875
1 0.75859375 0.57890625 0.028125 0.078125
3 0.63671875 0.4578125 0.0296875 0.20234375
3 0.2633512984375 0.5322265625 0.2939735421875 0.3369140625 0.2731504171875 0.30029296875 0.22292993593750002 0.47607421875 0.2633512984375 0.5322265625
4 0.7890625 0.37734375 0.04921875 0.14921875
4 0.2 0.6015625 0.07734375 0.12421875
4 0.22265625 0.3390625 0.0578125 0.13671875
1 0.57265625 0.54453125 0.02578125 0.0875
1 0.540625 0.56015625 0.0375 0.07890625
0 0.46796875 0.55625 0.01015625 0.03828125