3 0.3296875 0.446875 0.0265625 0.21015625
1 0.70546875 0.503125 0.04296875 0.06875
1 0.584375 0.5234375 0.028125 0.08046875
1 0.28515625 0.5015625 0.0453125 0.07578125
1 0.2375 0.47109375 0.0328125 0.078125
1 0.721875 0.6203125 0.046875 0.0875
1 0.38046875 0.6359375 0.0109375 0.03671875
1 0.66171875 0.63359375 0.03203125 0.04609375
1 0.34375 0.63125 0.03671875 0.0265625
1 0.28984375 0.62109375 0.0453125 0.03671875
1 0.24140625 0.57890625 0.028125 0.078125
3 0.36328125 0.4578125 0.0296875 0.20234375
3 0.7060264578125001 0.3369140625 0.7366487015625001 0.5322265625 0.7770700640625 0.47607421875 0.7268495828125 0.30029296875 0.7060264578125001 0.3369140625
4 0.2109375 0.37734375 0.04921875 0.14921875
4 0.8 0.6015625 0.07734375 0.12421875
4 0.77734375 0.3390625 0.0578125 0.13671875
1 0.42734375 0.54453125 0.02578125 0.0875
1 0.459375 0.56015625 0.0375 0.07890625
0 0.53203125 0.55625 0.01015625 0.03828125