0 0.7529642328125 0.29401953125 0.7398334156249999 0.31484375 0.7357177859374999 0.423783203125 0.7506124453125 0.44879785156249996 0.7749142578125 0.3987685546875 0.7529642328125 0.29401953125
0 0.6281234687499999 0.555078125 0.6745712890625 0.622337890625 0.703576678125 0.583251953125 0.6933855953125 0.52696875 0.6281234687499999 0.555078125
0 0.7600195984375 0.5582373046875 0.736501715625 0.49570019531250004 0.69965703125 0.54140625 0.6988731015625 0.5707451171875 0.72395884375 0.60044921875 0.7600195984375 0.5582373046875
0 0.635374815625 0.6551689453125 0.6800587953125 0.6442255859375 0.6251837328125001 0.5765625 0.635374815625 0.6551689453125
0 0.3076923078125 0.47693945312499997 0.23243508125 0.46286914062499995 0.182263596875 0.5453125 0.22224399843749998 0.6285908203125 0.30455659062499996 0.5285322265625 0.3076923078125 0.47693945312499997
2 0.437040665625 0.3578125 0.42763351250000003 0.5175888671875 0.45036746718750004 0.52071484375 0.45899069062500003 0.364373046875 0.437040665625 0.3578125
1 0.47780499687500005 0.46130566406250006 0.45742283125 0.44879785156249996 0.45742283125 0.5347861328125 0.47231749218749997 0.536349609375 0.47780499687500005 0.46130566406250006
0 0.658500734375 0.38125 0.6651641359375 0.5050810546875 0.6878980890624999 0.48944726562499996 0.690249878125 0.37688085937500004 0.658500734375 0.38125
0 0.3923566875 0.63953515625 0.366487015625 0.6078125 0.3437530625 0.7145791015625 0.368054875 0.7239599609375 0.3923566875 0.63953515625
4 0.8195982359375 0.52696875 0.7764821171875 0.40502246093750005 0.7319941203125 0.48671875 0.768642821875 0.5707451171875 0.8109750124999999 0.5910693359375 0.8195982359375 0.52696875
4 0.2400783921875 0.277734375 0.20813326875 0.42221972656249995 0.255169034375 0.4581787109375 0.2692797640625 0.28463867187499997 0.2400783921875 0.277734375
0 0.3076923078125 0.3578125 0.3155316015625 0.45036132812499996 0.32729054375 0.4597421875 0.34610485 0.38313476562500004 0.3076923078125 0.3578125