0 0.26428221406249996 0.423783203125 0.260166584375 0.31484375 0.2470357671875 0.29401953125 0.22508574218750002 0.3987685546875 0.2493875546875 0.44879785156249996 0.26428221406249996 0.423783203125
0 0.3254287109375 0.622337890625 0.37187653125 0.555078125 0.3066144046875 0.52696875 0.296423321875 0.583251953125 0.3254287109375 0.622337890625
0 0.30034296875 0.54140625 0.263498284375 0.49570019531250004 0.2399804015625 0.5582373046875 0.27604115625 0.60044921875 0.3011268984375 0.5707451171875 0.30034296875 0.54140625
0 0.364625184375 0.6551689453125 0.3748162671875 0.5765625 0.3199412046875 0.6442255859375 0.364625184375 0.6551689453125
0 0.8177364031250001 0.5453125 0.76756491875 0.46286914062499995 0.6923076921875 0.47693945312499997 0.6954434093749999 0.5285322265625 0.7777560015625 0.6285908203125 0.8177364031250001 0.5453125
2 0.5723664875 0.5175888671875 0.562959334375 0.3578125 0.5410093093749999 0.364373046875 0.5496325328125 0.52071484375 0.5723664875 0.5175888671875
1 0.5425771687500001 0.44879785156249996 0.522195003125 0.46130566406250006 0.5276825078125 0.536349609375 0.5425771687500001 0.5347861328125 0.5425771687500001 0.44879785156249996
0 0.3348358640625 0.5050810546875 0.341499265625 0.38125 0.309750121875 0.37688085937500004 0.3121019109375 0.48944726562499996 0.3348358640625 0.5050810546875
0 0.633512984375 0.6078125 0.6076433125 0.63953515625 0.631945125 0.7239599609375 0.6562469375 0.7145791015625 0.633512984375 0.6078125
4 0.2680058796875 0.48671875 0.2235178828125 0.40502246093750005 0.1804017640625 0.52696875 0.18902498750000002 0.5910693359375 0.23135717812499998 0.5707451171875 0.2680058796875 0.48671875
4 0.7918667312500001 0.42221972656249995 0.7599216078125 0.277734375 0.7307202359375 0.28463867187499997 0.7448309656250001 0.4581787109375 0.7918667312500001 0.42221972656249995
0 0.6844683984375 0.45036132812499996 0.6923076921875 0.3578125 0.65389515 0.38313476562500004 0.67270945625 0.4597421875 0.6844683984375 0.45036132812499996