1 0.671875 0.5203125 0.03671875 0.0875
3 0.559375 0.45625 0.0265625 0.18046875
3 0.5234375 0.44921875 0.0265625 0.1859375
0 0.45859375 0.49453125 0.0171875 0.0578125
0 0.4046875 0.52109375 0.0203125 0.0703125
0 0.63984375 0.521875 0.02109375 0.05625
3 0.61953125 0.42578125 0.02421875 0.125
0 0.61796875 0.52265625 0.01875 0.06484375
0 0.3734375 0.62734375 0.02890625 0.07421875
4 0.7228250859375 0.3543525390625 0.7438231265625 0.513392578125 0.7844194015625 0.46595996093750003 0.7508226359375 0.327845703125 0.7207251343750001 0.3543525390625 0.7228250859375 0.3543525390625
4 0.7830195984375 0.48130566406249997 0.7403233703125001 0.542689453125 0.7870440953125 0.6553427734375 0.8243160218750001 0.5831474609375 0.7830195984375 0.48130566406249997
4 0.2720656546875 0.5050224609375 0.23111905937500002 0.46456445312500005 0.199271925 0.6040732421875 0.2426683 0.6612724609375 0.2720656546875 0.5050224609375
4 0.27853993125 0.31005859375 0.2368936796875 0.30517578125 0.2417932390625 0.46630859375 0.269965703125 0.48828125 0.27853993125 0.31005859375