1 0.328125 0.5203125 0.03671875 0.0875
3 0.440625 0.45625 0.0265625 0.18046875
3 0.4765625 0.44921875 0.0265625 0.1859375
0 0.54140625 0.49453125 0.0171875 0.0578125
0 0.5953125 0.52109375 0.0203125 0.0703125
0 0.36015625 0.521875 0.02109375 0.05625
3 0.38046875 0.42578125 0.02421875 0.125
0 0.38203125 0.52265625 0.01875 0.06484375
0 0.6265625 0.62734375 0.02890625 0.07421875
4 0.21558059843750002 0.46595996093750003 0.2561768734375 0.513392578125 0.2771749140625 0.3543525390625 0.27927486562500003 0.3543525390625 0.2491773640625 0.327845703125 0.21558059843750002 0.46595996093750003
4 0.2596766296875 0.542689453125 0.2169804015625 0.48130566406249997 0.175683978125 0.5831474609375 0.21295590468749998 0.6553427734375 0.2596766296875 0.542689453125
4 0.768880940625 0.46456445312500005 0.7279343453125 0.5050224609375 0.7573317 0.6612724609375 0.800728075 0.6040732421875 0.768880940625 0.46456445312500005
4 0.7631063203124999 0.30517578125 0.72146006875 0.31005859375 0.730034296875 0.48828125 0.7582067609375 0.46630859375 0.7631063203124999 0.30517578125