3 0.398579128125 0.61279296875 0.361832434375 0.8203125 0.3900049 0.84228515625 0.43042626093749997 0.63720703125 0.4034786875 0.6201171875 0.398579128125 0.61279296875
3 0.7415482609375 0.501708984375 0.7366487015625001 0.2978515625 0.7317491421875 0.2978515625 0.6925526703125 0.3271484375 0.6925526703125 0.5029296875 0.7415482609375 0.501708984375
0 0.371875 0.50390625 0.01484375 0.08046875
0 0.315625 0.6375 0.0265625 0.078125
0 0.39453125 0.5203125 0.02109375 0.1078125
0 0.434375 0.54921875 0.01015625 0.05390625
0 0.33515625 0.4921875 0.02421875 0.090625
0 0.6671875 0.446875 0.03515625 0.17109375
0 0.615625 0.52109375 0.015625 0.04609375
4 0.253125 0.39453125 0.04296875 0.15859375
4 0.7609375 0.38828125 0.034375 0.2046875
4 0.24791768749999998 0.5224609375 0.216070553125 0.458984375 0.1762616359375 0.60302734375 0.198922096875 0.62744140625 0.24791768749999998 0.5322265625 0.24791768749999998 0.5224609375
4 0.75257226875 0.52490234375 0.7112322390625 0.6106572265625 0.7978931890625 0.72265625 0.8346398828125 0.634765625 0.75257226875 0.52490234375