3 0.601420871875 0.61279296875 0.5965213125 0.6201171875 0.5695737390625 0.63720703125 0.6099951 0.84228515625 0.638167565625 0.8203125 0.601420871875 0.61279296875
3 0.25845173906249996 0.501708984375 0.3074473296875 0.5029296875 0.3074473296875 0.3271484375 0.2682508578125 0.2978515625 0.2633512984375 0.2978515625 0.25845173906249996 0.501708984375
0 0.628125 0.50390625 0.01484375 0.08046875
0 0.684375 0.6375 0.0265625 0.078125
0 0.60546875 0.5203125 0.02109375 0.1078125
0 0.565625 0.54921875 0.01015625 0.05390625
0 0.66484375 0.4921875 0.02421875 0.090625
0 0.3328125 0.446875 0.03515625 0.17109375
0 0.384375 0.52109375 0.015625 0.04609375
4 0.746875 0.39453125 0.04296875 0.15859375
4 0.2390625 0.38828125 0.034375 0.2046875
4 0.7520823125 0.5224609375 0.7520823125 0.5322265625 0.8010779031249999 0.62744140625 0.8237383640625 0.60302734375 0.783929446875 0.458984375 0.7520823125 0.5224609375
4 0.16536011718750002 0.634765625 0.2021068109375 0.72265625 0.2887677609375 0.6106572265625 0.24742773125 0.52490234375 0.16536011718750002 0.634765625