1 0.7578125 0.534375 0.0453125 0.0484375
1 0.2703125 0.44453125 0.034375 0.0734375
1 0.31328125 0.46875 0.021875 0.06328125
1 0.29921875 0.5734375 0.046875 0.0734375
0 0.43515625 0.503125 0.03203125 0.0734375
0 0.58515625 0.4859375 0.034375 0.09296875
0 0.49140625 0.50625 0.03515625 0.08046875
0 0.53515625 0.51171875 0.0390625 0.08046875
1 0.70625 0.56640625 0.040625 0.0484375
4 0.2364037234375 0.52001953125 0.181283684375 0.44677734375 0.14576188125 0.595703125 0.184958353125 0.63232421875 0.2364037234375 0.52001953125
1 0.759840578125 0.4220614078125 0.76923076875 0.47119140625 0.8010779031249999 0.439453125 0.7925036750000001 0.39794921875 0.759840578125 0.4220614078125