1 0.2421875 0.534375 0.0453125 0.0484375
1 0.7296875 0.44453125 0.034375 0.0734375
1 0.68671875 0.46875 0.021875 0.06328125
1 0.70078125 0.5734375 0.046875 0.0734375
0 0.56484375 0.503125 0.03203125 0.0734375
0 0.41484375 0.4859375 0.034375 0.09296875
0 0.50859375 0.50625 0.03515625 0.08046875
0 0.46484375 0.51171875 0.0390625 0.08046875
1 0.29375 0.56640625 0.040625 0.0484375
4 0.8187163156249999 0.44677734375 0.7635962765625 0.52001953125 0.815041646875 0.63232421875 0.85423811875 0.595703125 0.8187163156249999 0.44677734375
1 0.23076923124999998 0.47119140625 0.240159421875 0.4220614078125 0.207496325 0.39794921875 0.198922096875 0.439453125 0.23076923124999998 0.47119140625