1 0.25409113125 0.5113349609375 0.25036746718749997 0.365625 0.225869671875 0.33623144531250004 0.18745712812499998 0.48944726562499996 0.25409113125 0.5113349609375
2 0.3693287609375 0.5191513671875 0.366976971875 0.332421875 0.329348359375 0.323724609375 0.2940715328125 0.5222783203125 0.3693287609375 0.5191513671875
2 0.39284664375 0.5175888671875 0.40519353281250003 0.334375 0.37951984375 0.3190341796875 0.3693287609375 0.5082080078125 0.39284664375 0.5175888671875
2 0.6609505140625 0.542603515625 0.67270945625 0.365625 0.6491915734375 0.340921875 0.6295933359375 0.41127636718750005 0.6311611953125 0.5441669921875001 0.6609505140625 0.542603515625
2 0.633512984375 0.542603515625 0.6266536015625 0.355859375 0.5966682999999999 0.356556640625 0.5998040171875 0.45661523437499996 0.595100440625 0.48944726562499996 0.600587946875 0.553546875 0.633512984375 0.542603515625
2 0.5363057328124999 0.589505859375 0.5492405687499999 0.3265625 0.517491425 0.2987099609375 0.49632533125 0.583251953125 0.5363057328124999 0.589505859375
1 0.7166095046875001 0.67862109375 0.7550220484375 0.578515625 0.7354238125 0.5582373046875 0.7056344921875 0.6270283203125 0.7166095046875001 0.67862109375
1 0.8067613921874999 0.4878837890625 0.7902988734374999 0.445703125 0.75658990625 0.47693945312499997 0.763645271875 0.52696875 0.8067613921874999 0.4878837890625
1 0.7605095546875 0.53322265625 0.7511024015625 0.476953125 0.709554140625 0.47850292968749997 0.7134737875 0.553546875 0.7605095546875 0.53322265625
1 0.715825575 0.54573046875 0.70700636875 0.47890625 0.6640862328125 0.4863203125 0.6570308671875 0.562927734375 0.715825575 0.54573046875
1 0.5723664875 0.589505859375 0.570798628125 0.387109375 0.5504164625 0.3675 0.5370896625 0.5754345703125 0.5723664875 0.589505859375
3 0.49554140156250004 0.580125 0.4933855953125 0.375390625 0.4586967171875 0.364373046875 0.46496815312499995 0.580125 0.49554140156250004 0.580125
3 0.4359627640625 0.5660546875 0.4277315046875 0.3578125 0.40617344375000003 0.329978515625 0.388926996875 0.580125 0.4359627640625 0.5660546875
1 0.4581087703125 0.504296875 0.43831455156250004 0.5097714843750001 0.4445859875 0.569181640625 0.46653601250000004 0.5676181640625 0.4581087703125 0.504296875
1 0.35756981875 0.7646083984375001 0.38951494375 0.58046875 0.356001959375 0.5613642578125 0.331700146875 0.763044921875 0.35756981875 0.7646083984375001
1 0.3387555125 0.6457890625 0.35423811875 0.56484375 0.30896619375 0.54729296875 0.29015188593749996 0.6348447265625 0.3387555125 0.6457890625
1 0.2862322390625 0.63953515625 0.3081822640625 0.553125 0.263498284375 0.5254052734375 0.239196471875 0.58637890625 0.2862322390625 0.63953515625
1 0.660166584375 0.6629863281249999 0.668789809375 0.6078125 0.630377265625 0.5848154296875 0.622537971875 0.6536064453125 0.660166584375 0.6629863281249999