1 0.7496325328125 0.365625 0.7459088687500001 0.5113349609375 0.812542871875 0.48944726562499996 0.7741303281249999 0.33623144531250004 0.7496325328125 0.365625
2 0.633023028125 0.332421875 0.6306712390625 0.5191513671875 0.7059284671875 0.5222783203125 0.6706516406249999 0.323724609375 0.633023028125 0.332421875
2 0.5948064671875 0.334375 0.60715335625 0.5175888671875 0.6306712390625 0.5082080078125 0.62048015625 0.3190341796875 0.5948064671875 0.334375
2 0.3508084265625 0.340921875 0.32729054375 0.365625 0.3390494859375 0.542603515625 0.3688388046875 0.5441669921875001 0.3704066640625 0.41127636718750005 0.3508084265625 0.340921875
2 0.4001959828125 0.45661523437499996 0.4033317 0.356556640625 0.3733463984375 0.355859375 0.366487015625 0.542603515625 0.399412053125 0.553546875 0.404899559375 0.48944726562499996 0.4001959828125 0.45661523437499996
2 0.45075943125 0.3265625 0.46369426718750006 0.589505859375 0.50367466875 0.583251953125 0.48250857500000005 0.2987099609375 0.45075943125 0.3265625
1 0.2449779515625 0.578515625 0.2833904953125 0.67862109375 0.2943655078125 0.6270283203125 0.2645761875 0.5582373046875 0.2449779515625 0.578515625
1 0.2097011265625 0.445703125 0.1932386078125 0.4878837890625 0.23635472812499997 0.52696875 0.24341009374999997 0.47693945312499997 0.2097011265625 0.445703125
1 0.2488975984375 0.476953125 0.23949044531250002 0.53322265625 0.2865262125 0.553546875 0.290445859375 0.47850292968749997 0.2488975984375 0.476953125
1 0.29299363125 0.47890625 0.284174425 0.54573046875 0.3429691328125 0.562927734375 0.3359137671875 0.4863203125 0.29299363125 0.47890625
1 0.42920137187499996 0.387109375 0.42763351250000003 0.589505859375 0.4629103375 0.5754345703125 0.4495835375 0.3675 0.42920137187499996 0.387109375
3 0.5066144046875001 0.375390625 0.5044585984375 0.580125 0.535031846875 0.580125 0.5413032828125 0.364373046875 0.5066144046875001 0.375390625
3 0.5722684953125 0.3578125 0.5640372359375 0.5660546875 0.611073003125 0.580125 0.59382655625 0.329978515625 0.5722684953125 0.3578125
1 0.5616854484375 0.5097714843750001 0.5418912296875 0.504296875 0.5334639875 0.5676181640625 0.5554140125 0.569181640625 0.5616854484375 0.5097714843750001
1 0.61048505625 0.58046875 0.6424301812500001 0.7646083984375001 0.668299853125 0.763044921875 0.643998040625 0.5613642578125 0.61048505625 0.58046875
1 0.64576188125 0.56484375 0.6612444875000001 0.6457890625 0.7098481140625 0.6348447265625 0.69103380625 0.54729296875 0.64576188125 0.56484375
1 0.6918177359375 0.553125 0.7137677609375 0.63953515625 0.7608035281250001 0.58637890625 0.736501715625 0.5254052734375 0.6918177359375 0.553125
1 0.331210190625 0.6078125 0.33983341562499997 0.6629863281249999 0.37746202812499996 0.6536064453125 0.369622734375 0.5848154296875 0.331210190625 0.6078125