3 0.33125 0.42109375 0.028125 0.1828125
1 0.2953125 0.475 0.0390625 0.05625
1 0.2578125 0.475 0.0453125 0.0609375
3 0.64453125 0.43671875 0.01953125 0.1953125
3 0.7275845171875 0.5224609375 0.7398334156249999 0.35888671875 0.6920627140625 0.33935546875 0.682263596875 0.53955078125 0.7275845171875 0.5224609375
1 0.75546875 0.559375 0.04296875 0.0484375
1 0.2546875 0.54921875 0.046875 0.05859375
4 0.8046875 0.41875 0.04375 0.16328125
4 0.82734375 0.63359375 0.06015625 0.16328125
4 0.18828125 0.5921875 0.06953125 0.14375
4 0.209375 0.40546875 0.0390625 0.17578125