1 0.734375 0.46875 0.0328125 0.0484375
1 0.6828125 0.53359375 0.02578125 0.0609375
1 0.26796875 0.478125 0.021875 0.06875
1 0.25234375 0.36015625 0.0265625 0.04609375
1 0.68984375 0.425 0.034375 0.0484375
3 0.6546875 0.3609375 0.0328125 0.21015625
0 0.45703125 0.43828125 0.01484375 0.05625
0 0.4328125 0.434375 0.01328125 0.06875
3 0.7328125 0.3125 0.040625 0.18046875
4 0.76923076875 0.21728515625 0.7520823125 0.2392578125 0.7643312109375 0.39306640625 0.8023027921875 0.35888671875 0.76923076875 0.21728515625
4 0.22660460625 0.65185546875 0.296423321875 0.498046875 0.25477707031249996 0.426025390625 0.20823125937500003 0.595703125 0.22660460625 0.65185546875