1 0.265625 0.46875 0.0328125 0.0484375
1 0.3171875 0.53359375 0.02578125 0.0609375
1 0.73203125 0.478125 0.021875 0.06875
1 0.74765625 0.36015625 0.0265625 0.04609375
1 0.31015625 0.425 0.034375 0.0484375
3 0.3453125 0.3609375 0.0328125 0.21015625
0 0.54296875 0.43828125 0.01484375 0.05625
0 0.5671875 0.434375 0.01328125 0.06875
3 0.2671875 0.3125 0.040625 0.18046875
4 0.24791768749999998 0.2392578125 0.23076923124999998 0.21728515625 0.1976972078125 0.35888671875 0.2356687890625 0.39306640625 0.24791768749999998 0.2392578125
4 0.703576678125 0.498046875 0.77339539375 0.65185546875 0.791768740625 0.595703125 0.7452229296875 0.426025390625 0.703576678125 0.498046875