1 0.65078125 0.56640625 0.046875 0.0734375
1 0.60859375 0.5765625 0.03515625 0.078125
1 0.5765625 0.56640625 0.02109375 0.0484375
3 0.403125 0.484375 0.03046875 0.2078125
3 0.6046875 0.76328125 0.01953125 0.19296875
1 0.25703125 0.6015625 0.04296875 0.05625
1 0.775 0.58984375 0.04140625 0.090625
1 0.740625 0.53828125 0.02109375 0.03671875
1 0.4953125 0.57734375 0.021875 0.0515625
1 0.459375 0.56484375 0.0234375 0.04140625
4 0.8027927484375 0.5322265625 0.743998040625 0.595703125 0.8101420875 0.7470703125 0.85423811875 0.69091796875 0.8027927484375 0.5322265625
4 0.21729544375 0.7568359375 0.2846643796875 0.60302734375 0.2356687890625 0.54931640625 0.181773640625 0.67626953125 0.21729544375 0.7568359375
4 0.24424301874999998 0.53955078125 0.23934345937499998 0.36376953125 0.202596765625 0.35400390625 0.2111709953125 0.54443359375 0.24424301874999998 0.53955078125
0 0.8027927484375 0.517578125 0.7991180796874999 0.44921875 0.7991180796874999 0.44677734375 0.761146496875 0.478515625 0.7684958359375 0.5419921875 0.8027927484375 0.517578125