1 0.34921875 0.56640625 0.046875 0.0734375
1 0.39140625 0.5765625 0.03515625 0.078125
1 0.4234375 0.56640625 0.02109375 0.0484375
3 0.596875 0.484375 0.03046875 0.2078125
3 0.3953125 0.76328125 0.01953125 0.19296875
1 0.74296875 0.6015625 0.04296875 0.05625
1 0.225 0.58984375 0.04140625 0.090625
1 0.259375 0.53828125 0.02109375 0.03671875
1 0.5046875 0.57734375 0.021875 0.0515625
1 0.540625 0.56484375 0.0234375 0.04140625
4 0.256001959375 0.595703125 0.19720725156250002 0.5322265625 0.14576188125 0.69091796875 0.1898579125 0.7470703125 0.256001959375 0.595703125
4 0.7153356203125 0.60302734375 0.78270455625 0.7568359375 0.8182263593749999 0.67626953125 0.7643312109375 0.54931640625 0.7153356203125 0.60302734375
4 0.760656540625 0.36376953125 0.75575698125 0.53955078125 0.7888290046875001 0.54443359375 0.797403234375 0.35400390625 0.760656540625 0.36376953125
0 0.2008819203125 0.44677734375 0.2008819203125 0.44921875 0.19720725156250002 0.517578125 0.23150416406250002 0.5419921875 0.238853503125 0.478515625 0.2008819203125 0.44677734375