2 0.58515625 0.4390625 0.0328125 0.2640625
2 0.34609375 0.41640625 0.01953125 0.11015625
2 0.378125 0.42109375 0.02109375 0.1296875
3 0.36640625 0.690625 0.0296875 0.18046875
3 0.40078125 0.69453125 0.02578125 0.1734375
1 0.7265625 0.459375 0.04140625 0.078125
1 0.73359375 0.60703125 0.03828125 0.1
1 0.68671875 0.659375 0.05 0.09765625
1 0.64140625 0.6421875 0.03203125 0.0734375
1 0.54921875 0.54453125 0.03203125 0.05859375
1 0.44296875 0.540625 0.0265625 0.0609375
3 0.2956883875 0.57861328125 0.2454679078125 0.6982421875 0.2809897109375 0.74462890625 0.33243508125 0.654296875 0.2956883875 0.57861328125
4 0.25159235625 0.537109375 0.21362077343750002 0.654296875 0.2454679078125 0.6884765625 0.29446349843749997 0.576171875 0.25159235625 0.537109375
1 0.50078125 0.55078125 0.0109375 0.07578125
1 0.4078125 0.52734375 0.015625 0.05859375