2 0.41484375 0.4390625 0.0328125 0.2640625
2 0.65390625 0.41640625 0.01953125 0.11015625
2 0.621875 0.42109375 0.02109375 0.1296875
3 0.63359375 0.690625 0.0296875 0.18046875
3 0.59921875 0.69453125 0.02578125 0.1734375
1 0.2734375 0.459375 0.04140625 0.078125
1 0.26640625 0.60703125 0.03828125 0.1
1 0.31328125 0.659375 0.05 0.09765625
1 0.35859375 0.6421875 0.03203125 0.0734375
1 0.45078125 0.54453125 0.03203125 0.05859375
1 0.55703125 0.540625 0.0265625 0.0609375
3 0.7545320921875 0.6982421875 0.7043116125 0.57861328125 0.66756491875 0.654296875 0.7190102890625 0.74462890625 0.7545320921875 0.6982421875
4 0.7863792265625 0.654296875 0.74840764375 0.537109375 0.7055365015625 0.576171875 0.7545320921875 0.6884765625 0.7863792265625 0.654296875
1 0.49921875 0.55078125 0.0109375 0.07578125
1 0.5921875 0.52734375 0.015625 0.05859375