3 0.27890625 0.31484375 0.040625 0.21953125
3 0.7125 0.353125 0.04765625 0.2125
3 0.734198921875 0.2734375 0.751347378125 0.46630859375 0.8064674171874999 0.42724609375 0.7550220484375 0.1953125 0.734198921875 0.2734375
3 0.6435570796875 0.74951171875 0.6533561984375 0.50537109375 0.6521313078125 0.5078125 0.6178343953125001 0.50048828125 0.6129348359375 0.7373046875 0.6435570796875 0.74951171875
3 0.6545810875 0.50048828125 0.6619304265625 0.7568359375 0.6950024499999999 0.73974609375 0.6876531109374999 0.49560546875 0.6545810875 0.50048828125
3 0.3471337578125 0.50048828125 0.34590886875 0.75439453125 0.37653111250000004 0.7421875 0.3826555609375 0.50048828125 0.3471337578125 0.50048828125
3 0.2148456640625 0.6298828125 0.2675159234375 0.4541015625 0.2209701125 0.3955078125 0.1829985296875 0.52001953125 0.2148456640625 0.6298828125
2 0.33359375 0.278125 0.0265625 0.190625
2 0.37578125 0.28046875 0.03046875 0.2
2 0.42890625 0.2828125 0.03515625 0.21015625
2 0.61015625 0.30625 0.0328125 0.221875
2 0.671875 0.33046875 0.0296875 0.2125
2 0.40234375 0.65078125 0.04921875 0.290625
4 0.79140625 0.196875 0.04375 0.15390625
4 0.8115967656249999 0.43994921875 0.751347378125 0.49072265625 0.815041646875 0.64697265625 0.8566878984375 0.57861328125 0.8115967656249999 0.43994921875
3 0.341009309375 0.76171875 0.344683978125 0.5029296875 0.31406173437499996 0.46875 0.296913278125 0.732421875 0.341009309375 0.76171875