3 0.72109375 0.31484375 0.040625 0.21953125
3 0.2875 0.353125 0.04765625 0.2125
3 0.24865262187499998 0.46630859375 0.265801078125 0.2734375 0.2449779515625 0.1953125 0.19353258281250002 0.42724609375 0.24865262187499998 0.46630859375
3 0.3478686921875 0.5078125 0.3466438015625 0.50537109375 0.3564429203125 0.74951171875 0.38706516406249997 0.7373046875 0.3821656046875 0.50048828125 0.3478686921875 0.5078125
3 0.3380695734375 0.7568359375 0.3454189125 0.50048828125 0.31234688906249997 0.49560546875 0.30499755 0.73974609375 0.3380695734375 0.7568359375
3 0.65409113125 0.75439453125 0.6528662421875 0.50048828125 0.6173444390625 0.50048828125 0.6234688875 0.7421875 0.65409113125 0.75439453125
3 0.7324840765625 0.4541015625 0.7851543359375001 0.6298828125 0.8170014703125 0.52001953125 0.7790298875 0.3955078125 0.7324840765625 0.4541015625
2 0.66640625 0.278125 0.0265625 0.190625
2 0.62421875 0.28046875 0.03046875 0.2
2 0.57109375 0.2828125 0.03515625 0.21015625
2 0.38984375 0.30625 0.0328125 0.221875
2 0.328125 0.33046875 0.0296875 0.2125
2 0.59765625 0.65078125 0.04921875 0.290625
4 0.20859375 0.196875 0.04375 0.15390625
4 0.24865262187499998 0.49072265625 0.188403234375 0.43994921875 0.14331210156250002 0.57861328125 0.184958353125 0.64697265625 0.24865262187499998 0.49072265625
3 0.655316021875 0.5029296875 0.658990690625 0.76171875 0.703086721875 0.732421875 0.685938265625 0.46875 0.655316021875 0.5029296875