3 0.24424301874999998 0.52978515625 0.2130083296875 0.6884765625 0.2454679078125 0.7568359375 0.2946284578125 0.553696215625 0.24424301874999998 0.52978515625
3 0.2993630578125 0.54931640625 0.260166584375 0.75439453125 0.31406173437499996 0.75927734375 0.35325820625 0.556640625 0.2993630578125 0.54931640625
3 0.2846643796875 0.5078125 0.273640371875 0.32958984375 0.2356687890625 0.33935546875 0.2356687890625 0.50537109375 0.2846643796875 0.5078125
3 0.279764821875 0.33447265625 0.292319940625 0.5172734375 0.3434590890625 0.5126953125 0.3201861828125 0.322265625 0.279764821875 0.33447265625
3 0.4059284671875 0.56884765625 0.4010289078125 0.810546875 0.4279764828125 0.80322265625 0.4377756 0.56396484375 0.4059284671875 0.56884765625
3 0.6215090640625001 0.5615234375 0.6435570796875 0.76171875 0.6705046546875 0.73486328125 0.6435570796875 0.537109375 0.6215090640625001 0.5615234375
3 0.649681528125 0.54931640625 0.6839784421874999 0.7373046875 0.7317491421875 0.6884765625 0.693777559375 0.52001953125 0.649681528125 0.54931640625
2 0.6888780015625 0.498046875 0.686428221875 0.29296875 0.65090641875 0.31005859375 0.6545810875 0.51025390625 0.6888780015625 0.498046875
2 0.6950024499999999 0.3125 0.6962273390625 0.50048828125 0.7403233703125001 0.48583984375 0.734198921875 0.283203125 0.6950024499999999 0.3125
1 0.6390625 0.48671875 0.0234375 0.05625
1 0.559375 0.48359375 0.01328125 0.06875
1 0.36640625 0.490625 0.0296875 0.0828125
1 0.36953125 0.575 0.0265625 0.03671875
1 0.759375 0.4421875 0.028125 0.09296875