3 0.7053715421875 0.553696215625 0.7545320921875 0.7568359375 0.7869916703125 0.6884765625 0.75575698125 0.52978515625 0.7053715421875 0.553696215625
3 0.64674179375 0.556640625 0.685938265625 0.75927734375 0.7398334156249999 0.75439453125 0.7006369421875001 0.54931640625 0.64674179375 0.556640625
3 0.7643312109375 0.50537109375 0.7643312109375 0.33935546875 0.726359628125 0.32958984375 0.7153356203125 0.5078125 0.7643312109375 0.50537109375
3 0.6798138171875 0.322265625 0.6565409109375 0.5126953125 0.707680059375 0.5172734375 0.720235178125 0.33447265625 0.6798138171875 0.322265625
3 0.5622244000000001 0.56396484375 0.5720235171875 0.80322265625 0.5989710921875 0.810546875 0.5940715328125 0.56884765625 0.5622244000000001 0.56396484375
3 0.3564429203125 0.537109375 0.3294953453125 0.73486328125 0.3564429203125 0.76171875 0.3784909359375 0.5615234375 0.3564429203125 0.537109375
3 0.306222440625 0.52001953125 0.2682508578125 0.6884765625 0.31602155781249996 0.7373046875 0.350318471875 0.54931640625 0.306222440625 0.52001953125
2 0.3454189125 0.51025390625 0.34909358125 0.31005859375 0.313571778125 0.29296875 0.3111219984375 0.498046875 0.3454189125 0.51025390625
2 0.265801078125 0.283203125 0.2596766296875 0.48583984375 0.3037726609375 0.50048828125 0.30499755 0.3125 0.265801078125 0.283203125
1 0.3609375 0.48671875 0.0234375 0.05625
1 0.440625 0.48359375 0.01328125 0.06875
1 0.63359375 0.490625 0.0296875 0.0828125
1 0.63046875 0.575 0.0265625 0.03671875
1 0.240625 0.4421875 0.028125 0.09296875