0 0.221875 0.53984375 0.0234375 0.05859375
3 0.36673199375 0.6201171875 0.341009309375 0.60302734375 0.30701861875 0.7666015625 0.33243508125 0.78369140625 0.36673199375 0.6201171875
3 0.65090641875 0.59326171875 0.6827535515625 0.75439453125 0.7268495828125 0.74462890625 0.71105041875 0.5677986140625 0.7097011265625001 0.5615234375 0.65090641875 0.59326171875
4 0.24669279687499998 0.4931640625 0.25281724687499996 0.32958984375 0.2209701125 0.313720703125 0.20382165625 0.47119140625 0.24669279687499998 0.4931640625
4 0.1964723171875 0.673828125 0.2454679078125 0.5224609375 0.24791768749999998 0.52001953125 0.19034786875 0.48828125 0.1658500734375 0.61279296875 0.1964723171875 0.673828125
4 0.7868691812499999 0.48828125 0.73909848125 0.5712890625 0.8125918671875001 0.65673828125 0.844439 0.6005859375 0.7868691812499999 0.48828125
4 0.75257226875 0.32470703125 0.7905438515625 0.46630859375 0.8321901031250001 0.40283203125 0.7905438515625 0.2734375 0.75257226875 0.32470703125
1 0.2640625 0.56875 0.0171875 0.02421875
1 0.2875 0.5078125 0.034375 0.05390625
1 0.71484375 0.490625 0.034375 0.05390625
1 0.30859375 0.6125 0.03828125 0.05390625