0 0.778125 0.53984375 0.0234375 0.05859375
3 0.66756491875 0.78369140625 0.69298138125 0.7666015625 0.658990690625 0.60302734375 0.63326800625 0.6201171875 0.66756491875 0.78369140625
3 0.34909358125 0.59326171875 0.2902988734375 0.5615234375 0.28894958125 0.5677986140625 0.2731504171875 0.74462890625 0.3172464484375 0.75439453125 0.34909358125 0.59326171875
4 0.7961783437500001 0.47119140625 0.7790298875 0.313720703125 0.7471827531249999 0.32958984375 0.753307203125 0.4931640625 0.7961783437500001 0.47119140625
4 0.8035276828125 0.673828125 0.8341499265625 0.61279296875 0.80965213125 0.48828125 0.7520823125 0.52001953125 0.7545320921875 0.5224609375 0.8035276828125 0.673828125
4 0.155561 0.6005859375 0.1874081328125 0.65673828125 0.26090151875 0.5712890625 0.21313081875 0.48828125 0.155561 0.6005859375
4 0.2094561484375 0.2734375 0.167809896875 0.40283203125 0.2094561484375 0.46630859375 0.24742773125 0.32470703125 0.2094561484375 0.2734375
1 0.7359375 0.56875 0.0171875 0.02421875
1 0.7125 0.5078125 0.034375 0.05390625
1 0.28515625 0.490625 0.034375 0.05390625
1 0.69140625 0.6125 0.03828125 0.05390625