1 0.654973053125 0.53322265625 0.6479176875 0.447234375 0.6212640859375 0.46328125 0.6212640859375 0.5379130859375 0.654973053125 0.53322265625
3 0.6831945125 0.5285322265625 0.6784909359375 0.33623144531250004 0.6510534046875 0.34248535156250004 0.6541891234375 0.53322265625 0.6831945125 0.5285322265625
3 0.733365996875 0.49570019531250004 0.727878490625 0.33623144531250004 0.685938265625 0.348046875 0.6824105828125 0.5113349609375 0.733365996875 0.49570019531250004
1 0.7608035281250001 0.5644912109375 0.749828515625 0.5175888671875 0.6976972078125 0.5453125 0.71063204375 0.6082666015625 0.7608035281250001 0.5644912109375
3 0.6416462515625 0.8036943359375 0.673787359375 0.7646083984375001 0.6447819703125 0.562927734375 0.615384615625 0.570703125 0.6416462515625 0.8036943359375
3 0.676139146875 0.748974609375 0.72944635 0.7442841796875 0.703576678125 0.5488564453125 0.6487016171875 0.55703125 0.676139146875 0.748974609375
1 0.31945125 0.48944726562499996 0.290445859375 0.28776562499999997 0.25281724687499996 0.324609375 0.2755512 0.5160253906250001 0.31945125 0.48944726562499996
1 0.28809407187499997 0.5785615234375 0.2967172953125 0.5441669921875001 0.24105830468749997 0.5140625 0.2355707984375 0.5582373046875 0.28809407187499997 0.5785615234375
1 0.3468887796875 0.622337890625 0.36021558124999997 0.5394765625 0.3018128375 0.51796875 0.2896619296875 0.5973232421875 0.3468887796875 0.622337890625
1 0.3821656046875 0.6239013671875 0.3923566875 0.562927734375 0.35472807500000003 0.5453125 0.34610485 0.6239013671875 0.3821656046875 0.6239013671875
1 0.42214600625000004 0.6270283203125 0.4299853015625 0.5644912109375 0.393924546875 0.566796875 0.3837334640625 0.6207744140625 0.42214600625000004 0.6270283203125