1 0.60859375 0.50859375 0.02421875 0.07109375
1 0.6546875 0.47734375 0.0453125 0.09921875
3 0.6234375 0.3453125 0.02578125 0.134375
3 0.59140625 0.35703125 0.021875 0.1453125
3 0.565625 0.36171875 0.02421875 0.18828125
3 0.53828125 0.39296875 0.02265625 0.1484375
3 0.509375 0.3953125 0.02890625 0.14375
3 0.4734375 0.40625 0.028125 0.121875
3 0.4453125 0.40234375 0.02265625 0.1296875
3 0.41484375 0.3640625 0.028125 0.178125
3 0.38046875 0.58203125 0.03203125 0.21484375
3 0.4640625 0.58984375 0.0203125 0.15234375
3 0.4828125 0.58671875 0.0203125 0.13046875
3 0.5046875 0.5734375 0.015625 0.1109375