1 0.70703125 0.52578125 0.040625 0.04140625
1 0.65234375 0.53828125 0.0328125 0.04140625
1 0.59453125 0.5453125 0.03046875 0.0515625
1 0.5828125 0.434375 0.01953125 0.04375
1 0.61640625 0.4390625 0.0265625 0.04375
1 0.3765625 0.53828125 0.03046875 0.04140625
1 0.31875 0.5203125 0.03203125 0.05859375
1 0.30234375 0.42265625 0.04375 0.05390625
1 0.3578125 0.43203125 0.02421875 0.0484375
1 0.38984375 0.4421875 0.0234375 0.0484375
1 0.46953125 0.43125 0.00859375 0.03203125
1 0.5453125 0.43359375 0.021875 0.0609375
1 0.415625 0.553125 0.028125 0.0515625
4 0.7967907890625 0.361328125 0.7582067609375 0.21240234375 0.7361587453125 0.234375 0.7594316515624999 0.41259765625 0.7967907890625 0.361328125
4 0.2413032828125 0.41748046875 0.19598236093750002 0.5859375 0.22415482656250002 0.64697265625 0.2939735421875 0.4833984375 0.2413032828125 0.41748046875