3 0.331210190625 0.40859375 0.32572268437499996 0.5676181640625 0.3578637921875 0.562927734375 0.3570798625 0.3956416015625 0.331210190625 0.40859375
3 0.3645271921875 0.398828125 0.36099950937499997 0.580125 0.3923566875 0.5785615234375 0.39784419375 0.3846982421875 0.3645271921875 0.398828125
3 0.28809407187499997 0.5879423828125 0.23478686875000002 0.7474111328124999 0.2888780015625 0.789912109375 0.347672709375 0.603865234375 0.28809407187499997 0.5879423828125
3 0.3478686921875 0.609765625 0.3155316015625 0.7883486328125 0.345320921875 0.7883486328125 0.37589416875000004 0.6273164062500001 0.3478686921875 0.609765625
3 0.37824595781250003 0.621484375 0.36256736875 0.81336328125 0.38059774687500003 0.816490234375 0.40803527656250005 0.6288798828125 0.37824595781250003 0.621484375
3 0.6036256734375 0.641015625 0.6345908875 0.8180537109375001 0.6510534046875 0.8071093749999999 0.63145516875 0.6382607421875 0.6036256734375 0.641015625
3 0.6379225875000001 0.656640625 0.6714355703125 0.81336328125 0.695737384375 0.7977294921875 0.6581087703125 0.644513671875 0.6379225875000001 0.656640625
3 0.6251837328125001 0.422265625 0.63145516875 0.58823046875 0.6581087703125 0.5929208984375001 0.6455658984375 0.40218359374999996 0.6251837328125001 0.422265625
3 0.6487016171875 0.410546875 0.6604605578125 0.6069921875000001 0.698089171875 0.58823046875 0.6690837828125 0.391240234375 0.6487016171875 0.410546875
3 0.2537971578125 0.3890625 0.27633512968749996 0.5632158203125 0.3225869671875 0.5335107421874999 0.299069084375 0.3693525390625 0.2537971578125 0.3890625
1 0.25390625 0.6015625 0.021875 0.0453125
1 0.74140625 0.61171875 0.0296875 0.04296875
1 0.45703125 0.56484375 0.01796875 0.065625
1 0.42421875 0.559375 0.0140625 0.0515625
1 0.4390625 0.55625 0.00859375 0.04140625
1 0.47578125 0.56640625 0.01484375 0.05
1 0.50546875 0.5828125 0.01328125 0.06328125
1 0.5203125 0.571875 0.01328125 0.05703125
1 0.553125 0.571875 0.00703125 0.05390625
1 0.565625 0.56640625 0.00859375 0.04296875
1 0.58671875 0.57265625 0.0140625 0.05859375
1 0.59765625 0.5703125 0.00703125 0.02265625
1 0.6171875 0.56171875 0.02265625 0.06484375
0 0.74921875 0.525 0.0359375 0.07265625
0 0.757667809375 0.5725966796875 0.720235178125 0.625390625 0.7882410578125 0.7398828125 0.8219500249999999 0.6898535156250001 0.757667809375 0.5725966796875