0 0.46171875 0.4578125 0.0171875 0.04375
0 0.71953125 0.57578125 0.0984375 0.09921875
0 0.24921875 0.3671875 0.0375 0.1125
0 0.29453125 0.41328125 0.04453125 0.1109375
0 0.34921875 0.434375 0.0296875 0.03515625
1 0.32265625 0.521875 0.0453125 0.05078125
0 0.18984375 0.36484375 0.0453125 0.08046875
0 0.56015625 0.4078125 0.028125 0.06015625
0 0.66015625 0.38828125 0.0359375 0.0890625
0 0.7421875 0.390625 0.0390625 0.0625
4 0.8078392937500001 0.6442255859375 0.8399804015625 0.603576171875 0.8117589421875 0.45348828125 0.7568838796875 0.5144619140625 0.8078392937500001 0.6442255859375
4 0.8133267999999999 0.42847363281249995 0.7882410578125 0.2783857421875 0.766291034375 0.2875 0.7592356687499999 0.47693945312499997 0.8133267999999999 0.42847363281249995
4 0.212052915625 0.44098046875 0.23713865781250001 0.2690048828125 0.2097011265625 0.242578125 0.156393925 0.3721904296875 0.212052915625 0.44098046875
4 0.156393925 0.5785615234375 0.2026457625 0.616083984375 0.260656540625 0.48006640625 0.1979421859375 0.430078125 0.156393925 0.5785615234375