1 0.70078125 0.6296875 0.059375 0.0734375
1 0.32265625 0.65234375 0.0625 0.08203125
1 0.39375 0.61015625 0.05078125 0.07734375
0 0.61171875 0.58203125 0.02734375 0.13203125
0 0.6565409109375 0.803125 0.6228319453125 0.669240234375 0.5969622734375 0.709888671875 0.6142087218750001 0.7567919921875 0.6306712390625 0.8052578125000001 0.6416462515625 0.8224550781250001 0.6565409109375 0.803125
1 0.4359375 0.75 0.021875 0.0953125
0 0.45625 0.753125 0.01171875 0.08359375
0 0.3860852515625 0.7036357421874999 0.36256736875 0.683310546875 0.33826555625 0.75835546875 0.3351298390625 0.7943134765625001 0.33434590937499997 0.8240185546875001 0.3445369921875 0.8240185546875001 0.3570798625 0.8208916015625001 0.3860852515625 0.7036357421874999
0 0.567956884375 0.6864375 0.566389025 0.5285322265625 0.5467907890625 0.5285322265625 0.5420872125 0.6880009765625 0.567956884375 0.6864375
1 0.4515625 0.59140625 0.025 0.1890625
0 0.5390625 0.75078125 0.02421875 0.11640625
1 0.47734375 0.62578125 0.01953125 0.11640625
0 0.665625 0.515625 0.0265625 0.121875