1 0.29921875 0.6296875 0.059375 0.0734375
1 0.67734375 0.65234375 0.0625 0.08203125
1 0.60625 0.61015625 0.05078125 0.07734375
0 0.38828125 0.58203125 0.02734375 0.13203125
0 0.3771680546875 0.669240234375 0.3434590890625 0.803125 0.3583537484375 0.8224550781250001 0.3693287609375 0.8052578125000001 0.385791278125 0.7567919921875 0.4030377265625 0.709888671875 0.3771680546875 0.669240234375
1 0.5640625 0.75 0.021875 0.0953125
0 0.54375 0.753125 0.01171875 0.08359375
0 0.66173444375 0.75835546875 0.63743263125 0.683310546875 0.6139147484375 0.7036357421874999 0.6429201375 0.8208916015625001 0.6554630078125 0.8240185546875001 0.665654090625 0.8240185546875001 0.6648701609375001 0.7943134765625001 0.66173444375 0.75835546875
0 0.45791278750000003 0.6880009765625 0.4532092109375 0.5285322265625 0.433610975 0.5285322265625 0.432043115625 0.6864375 0.45791278750000003 0.6880009765625
1 0.5484375 0.59140625 0.025 0.1890625
0 0.4609375 0.75078125 0.02421875 0.11640625
1 0.52265625 0.62578125 0.01953125 0.11640625
0 0.334375 0.515625 0.0265625 0.121875