0 0.20906712343749997 0.37667480468750003 0.17896374375 0.43392187499999996 0.241023028125 0.515173828125 0.2785365015625 0.4394609375 0.20906712343749997 0.37667480468750003
0 0.44117295468749995 0.4665244140625 0.4045325828125 0.45905957031250005 0.3973116125 0.5193115234375 0.4310097984375 0.535833984375 0.44117295468749995 0.4665244140625
1 0.6273454187499999 0.4809912109375 0.6119176875 0.4870439453125 0.6089774625000001 0.54115234375 0.6335776578125001 0.535267578125 0.6273454187499999 0.4809912109375
1 0.564040665625 0.49930078125 0.5184703578125001 0.5017490234374999 0.5145120046875 0.56992578125 0.5660083296875 0.5718876953125 0.564040665625 0.49930078125
1 0.5187760906250001 0.49864746093749995 0.4692871140625 0.4935791015625 0.46793532656250003 0.5581552734375 0.5145120046875 0.5673095703125 0.5187760906250001 0.49864746093749995
0 0.3074066640625 0.2947763671875 0.2704355703125 0.2816875 0.250650171875 0.3833212890625 0.2918579125 0.39672753906249997 0.3074066640625 0.2947763671875
0 0.347832434375 0.31613085937499996 0.31258549687500004 0.3039443359375 0.2958505640625 0.40526171875 0.344031846875 0.42703710937499995 0.347832434375 0.31613085937499996
0 0.8030563453124999 0.379501953125 0.7438731015625 0.43738476562499995 0.7710450765625 0.5004619140625 0.8075227828125 0.45445214843750004 0.8030563453124999 0.379501953125
0 0.6358588921874999 0.5750097656250001 0.6118162671875 0.587416015625 0.6256761390625 0.6686201171875 0.6536790781249999 0.6488828125 0.6358588921874999 0.5750097656250001
0 0.661316021875 0.56034765625 0.6397329734375 0.5771025390625 0.65707349375 0.6505751953125001 0.6811161203125 0.6257626953125001 0.661316021875 0.56034765625
0 0.7011876531250001 0.488455078125 0.6572782953125 0.54625390625 0.6913493390625 0.6418720703125 0.733514453125 0.58933203125 0.7011876531250001 0.488455078125
0 0.741244978125 0.44642382812500003 0.709526703125 0.49374609375 0.7352714359375 0.59353515625 0.782707496875 0.5346904296874999 0.741244978125 0.44642382812500003
0 0.3031063203125 0.52226171875 0.26937432656250004 0.5881123046875001 0.3354331203125 0.665169921875 0.34983978437499996 0.5642939453125 0.3031063203125 0.52226171875
0 0.217332190625 0.295431640625 0.2072822140625 0.3585087890625 0.248970603125 0.384482421875 0.265348359375 0.2917216796875 0.217332190625 0.295431640625
0 0.47273689374999994 0.4596396484375 0.4458108765625 0.45204785156250005 0.4322121515625 0.537720703125 0.46539343437499997 0.5518193359375 0.47273689374999994 0.4596396484375
0 0.758686428125 0.284541015625 0.7174228312500001 0.32730859375 0.7328481140625 0.443416015625 0.7796286140625 0.3816005859375 0.758686428125 0.284541015625
0 0.713809896875 0.3327998046875 0.6813983343750001 0.351693359375 0.6822601671874999 0.49221679687500003 0.73012836875 0.4466689453125 0.713809896875 0.3327998046875