0 0.82103625625 0.43392187499999996 0.7909328765625 0.37667480468750003 0.7214634984375 0.4394609375 0.758976971875 0.515173828125 0.82103625625 0.43392187499999996
0 0.5954674171875001 0.45905957031250005 0.5588270453125 0.4665244140625 0.5689902015625 0.535833984375 0.6026883875 0.5193115234375 0.5954674171875001 0.45905957031250005
1 0.3880823125 0.4870439453125 0.37265458125 0.4809912109375 0.3664223421875 0.535267578125 0.3910225375 0.54115234375 0.3880823125 0.4870439453125
1 0.4815296421875 0.5017490234374999 0.435959334375 0.49930078125 0.43399167031249997 0.5718876953125 0.4854879953125 0.56992578125 0.4815296421875 0.5017490234374999
1 0.5307128859375 0.4935791015625 0.481223909375 0.49864746093749995 0.4854879953125 0.5673095703125 0.5320646734375 0.5581552734375 0.5307128859375 0.4935791015625
0 0.7295644296875 0.2816875 0.6925933359374999 0.2947763671875 0.7081420875 0.39672753906249997 0.749349828125 0.3833212890625 0.7295644296875 0.2816875
0 0.6874145031250001 0.3039443359375 0.652167565625 0.31613085937499996 0.655968153125 0.42703710937499995 0.7041494359375 0.40526171875 0.6874145031250001 0.3039443359375
0 0.2561268984375 0.43738476562499995 0.1969436546875 0.379501953125 0.1924772171875 0.45445214843750004 0.22895492343749999 0.5004619140625 0.2561268984375 0.43738476562499995
0 0.3881837328125 0.587416015625 0.3641411078125 0.5750097656250001 0.34632092187499997 0.6488828125 0.37432386093750003 0.6686201171875 0.3881837328125 0.587416015625
0 0.3602670265625 0.5771025390625 0.338683978125 0.56034765625 0.3188838796875 0.6257626953125001 0.34292650625 0.6505751953125001 0.3602670265625 0.5771025390625
0 0.3427217046875 0.54625390625 0.298812346875 0.488455078125 0.266485546875 0.58933203125 0.30865066093750004 0.6418720703125 0.3427217046875 0.54625390625
0 0.290473296875 0.49374609375 0.258755021875 0.44642382812500003 0.217292503125 0.5346904296874999 0.2647285640625 0.59353515625 0.290473296875 0.49374609375
0 0.7306256734375001 0.5881123046875001 0.6968936796875 0.52226171875 0.6501602156249999 0.5642939453125 0.6645668796875001 0.665169921875 0.7306256734375001 0.5881123046875001
0 0.7927177859375 0.3585087890625 0.782667809375 0.295431640625 0.734651640625 0.2917216796875 0.751029396875 0.384482421875 0.7927177859375 0.3585087890625
0 0.5541891234375 0.45204785156250005 0.5272631062500001 0.4596396484375 0.5346065656250001 0.5518193359375 0.5677878484375001 0.537720703125 0.5541891234375 0.45204785156250005
0 0.28257716875 0.32730859375 0.241313571875 0.284541015625 0.2203713859375 0.3816005859375 0.2671518859375 0.443416015625 0.28257716875 0.32730859375
0 0.31860166562500003 0.351693359375 0.286190103125 0.3327998046875 0.26987163125 0.4466689453125 0.31773983281249996 0.49221679687500003 0.31860166562500003 0.351693359375