1 0.25124938750000003 0.3331044921875 0.21597256250000002 0.33466796875 0.184615384375 0.5035175781250001 0.21283684531249997 0.53322265625 0.2708476234375 0.52071484375 0.25124938750000003 0.3331044921875
1 0.293581578125 0.60044921875 0.2739833421875 0.5379130859375 0.2332190109375 0.530095703125 0.171288584375 0.6410986328125 0.2206761390625 0.722396484375 0.293581578125 0.60044921875
1 0.3672709453125 0.5082080078125 0.3390494859375 0.5296875 0.3500244984375 0.595759765625 0.3790298875 0.5941962890625 0.38451739375 0.5316591796875 0.3672709453125 0.5082080078125
1 0.384125428125 0.521875 0.37824595781250003 0.57387109375 0.38686918124999997 0.595759765625 0.396276334375 0.5379130859375 0.384125428125 0.521875
1 0.41195492343750006 0.5285322265625 0.401763840625 0.5296875 0.399412053125 0.5754345703125 0.4096031359375 0.5848154296875 0.41509064218749997 0.5488564453125 0.41195492343750006 0.5285322265625
3 0.4174424296875 0.39296875 0.4135227828125 0.5879423828125 0.44487996093750004 0.583251953125 0.4472317484375 0.40658593749999994 0.4174424296875 0.39296875
1 0.5467907890625 0.5375 0.5499265062500001 0.5879423828125 0.573444390625 0.583251953125 0.5687408140625 0.530095703125 0.5467907890625 0.5375
1 0.624203821875 0.50625 0.62910338125 0.583251953125 0.6643802062499999 0.5879423828125 0.6643802062499999 0.5175888671875 0.624203821875 0.50625
1 0.668299853125 0.51796875 0.6659480640625 0.5910693359375 0.7114159718749999 0.595759765625 0.727878490625 0.542603515625 0.668299853125 0.51796875
4 0.779617834375 0.29401953125 0.731014209375 0.31484375 0.7302302796875 0.49570019531250004 0.7694267515625001 0.5316591796875 0.8109750124999999 0.47850292968749997 0.779617834375 0.29401953125
4 0.7357177859374999 0.5160253906250001 0.7055365015625 0.637109375 0.8141107296874999 0.6739306640625 0.8211660953125 0.5941962890625 0.7357177859374999 0.5160253906250001
1 0.3704066640625 0.61953125 0.368054875 0.6911279296874999 0.415874571875 0.6442255859375 0.41117099531249995 0.6020126953125 0.3704066640625 0.61953125