1 0.31161195468749997 0.4515625 0.3100440953125 0.49413671875 0.3766780984375 0.49257421875 0.3704066640625 0.45505175781249996 0.31161195468749997 0.4515625
1 0.61146496875 0.5609375 0.6134247921875 0.60044921875 0.6447819703125 0.58637890625 0.638510534375 0.54729296875 0.61146496875 0.5609375
3 0.564821165625 0.31747070312500003 0.566389025 0.36171875 0.578931896875 0.556673828125 0.6087212156249999 0.542603515625 0.5836354734375 0.3190341796875 0.564821165625 0.31747070312500003
3 0.6243998046875 0.329978515625 0.6251837328125001 0.5379130859375 0.6541891234375 0.5160253906250001 0.6534051937500001 0.3221611328125 0.6243998046875 0.329978515625
1 0.6428221453125 0.547265625 0.650269475 0.5941962890625 0.6949534546875 0.5644912109375 0.68868201875 0.5222783203125 0.6428221453125 0.547265625
1 0.693777559375 0.519921875 0.6965213125 0.569181640625 0.744341009375 0.5379130859375 0.7317981375 0.49101074218749996 0.693777559375 0.519921875
1 0.6941695250000001 0.4456708984375 0.7004409609375 0.5050810546875 0.74277315 0.48006640625 0.7341499265625 0.430037109375 0.6941695250000001 0.4456708984375
1 0.3380695734375 0.51796875 0.3304262609375 0.5676181640625 0.381381675 0.5941962890625 0.3915727578125 0.542603515625 0.3380695734375 0.51796875
1 0.40568348906249996 0.473046875 0.40254777031250005 0.5488564453125 0.4323370890625 0.553546875 0.437040665625 0.4863203125 0.40568348906249996 0.473046875
1 0.43606075468750005 0.4828125 0.4339049484375 0.54573046875 0.46369426718750006 0.5519833984375 0.46604605625 0.49570019531250004 0.43606075468750005 0.4828125
1 0.47231749218749997 0.47109375 0.46761391406249997 0.556673828125 0.5068103875000001 0.562927734375 0.5044585984375 0.47693945312499997 0.47231749218749997 0.47109375
1 0.5056344921875 0.473046875 0.5052425281249999 0.5582373046875 0.5389514937500001 0.5644912109375 0.540519353125 0.4878837890625 0.5056344921875 0.473046875
1 0.5428711421875 0.4828125 0.5436550703125 0.562927734375 0.5773640375 0.5488564453125 0.5671729546875001 0.4753759765625 0.5428711421875 0.4828125
4 0.7231749140625 0.3018369140625 0.7435570796875 0.4988271484375 0.785105340625 0.447234375 0.7568838796875 0.2736953125 0.7231749140625 0.3018369140625
1 0.4421875 0.60078125 0.02265625 0.06484375
1 0.40625 0.590625 0.03125 0.06015625