1 0.6899559046875 0.49413671875 0.6883880453125 0.4515625 0.6295933359375 0.45505175781249996 0.6233219015625 0.49257421875 0.6899559046875 0.49413671875
1 0.3865752078125 0.60044921875 0.38853503125 0.5609375 0.361489465625 0.54729296875 0.3552180296875 0.58637890625 0.3865752078125 0.60044921875
3 0.421068103125 0.556673828125 0.433610975 0.36171875 0.435178834375 0.31747070312500003 0.4163645265625 0.3190341796875 0.39127878437499997 0.542603515625 0.421068103125 0.556673828125
3 0.3748162671875 0.5379130859375 0.3756001953125 0.329978515625 0.34659480625 0.3221611328125 0.3458108765625 0.5160253906250001 0.3748162671875 0.5379130859375
1 0.349730525 0.5941962890625 0.3571778546875 0.547265625 0.31131798125 0.5222783203125 0.30504654531250003 0.5644912109375 0.349730525 0.5941962890625
1 0.3034786875 0.569181640625 0.306222440625 0.519921875 0.2682018625 0.49101074218749996 0.255658990625 0.5379130859375 0.3034786875 0.569181640625
1 0.2995590390625 0.5050810546875 0.305830475 0.4456708984375 0.2658500734375 0.430037109375 0.25722685 0.48006640625 0.2995590390625 0.5050810546875
1 0.6695737390625001 0.5676181640625 0.6619304265625 0.51796875 0.6084272421875 0.542603515625 0.618618325 0.5941962890625 0.6695737390625001 0.5676181640625
1 0.5974522296875 0.5488564453125 0.5943165109375 0.473046875 0.562959334375 0.4863203125 0.5676629109375 0.553546875 0.5974522296875 0.5488564453125
1 0.5660950515625001 0.54573046875 0.5639392453125 0.4828125 0.53395394375 0.49570019531250004 0.5363057328124999 0.5519833984375 0.5660950515625001 0.54573046875
1 0.5323860859375 0.556673828125 0.5276825078125 0.47109375 0.49554140156250004 0.47693945312499997 0.4931896125 0.562927734375 0.5323860859375 0.556673828125
1 0.494757471875 0.5582373046875 0.49436550781250005 0.473046875 0.459480646875 0.4878837890625 0.46104850624999993 0.5644912109375 0.494757471875 0.5582373046875
1 0.45634492968749996 0.562927734375 0.4571288578125 0.4828125 0.43282704531249994 0.4753759765625 0.42263596249999996 0.5488564453125 0.45634492968749996 0.562927734375
4 0.2564429203125 0.4988271484375 0.2768250859375 0.3018369140625 0.2431161203125 0.2736953125 0.214894659375 0.447234375 0.2564429203125 0.4988271484375
1 0.5578125 0.60078125 0.02265625 0.06484375
1 0.59375 0.590625 0.03125 0.06015625