4 0.80390625 0.615625 0.0671875 0.14453125
1 0.73984375 0.6 0.04609375 0.06328125
1 0.6859375 0.6265625 0.04765625 0.05390625
1 0.640625 0.6453125 0.0328125 0.04765625
1 0.76484375 0.4890625 0.0453125 0.06015625
1 0.71640625 0.53046875 0.04609375 0.04375
1 0.671875 0.5515625 0.03125 0.0546875
1 0.6359375 0.5546875 0.03046875 0.0609375
1 0.32421875 0.553125 0.034375 0.04765625
1 0.2796875 0.5390625 0.04609375 0.05390625
1 0.23046875 0.5109375 0.0328125 0.06015625
1 0.25546875 0.60078125 0.040625 0.05234375
1 0.3140625 0.6265625 0.05390625 0.0765625
4 0.77890625 0.37578125 0.071875 0.1421875
4 0.209375 0.3828125 0.0578125 0.125
4 0.19140625 0.63671875 0.07734375 0.13671875