4 0.19609375 0.615625 0.0671875 0.14453125
1 0.26015625 0.6 0.04609375 0.06328125
1 0.3140625 0.6265625 0.04765625 0.05390625
1 0.359375 0.6453125 0.0328125 0.04765625
1 0.23515625 0.4890625 0.0453125 0.06015625
1 0.28359375 0.53046875 0.04609375 0.04375
1 0.328125 0.5515625 0.03125 0.0546875
1 0.3640625 0.5546875 0.03046875 0.0609375
1 0.67578125 0.553125 0.034375 0.04765625
1 0.7203125 0.5390625 0.04609375 0.05390625
1 0.76953125 0.5109375 0.0328125 0.06015625
1 0.74453125 0.60078125 0.040625 0.05234375
1 0.6859375 0.6265625 0.05390625 0.0765625
4 0.22109375 0.37578125 0.071875 0.1421875
4 0.790625 0.3828125 0.0578125 0.125
4 0.80859375 0.63671875 0.07734375 0.13671875