1 0.7810720234375 0.484150390625 0.73035031875 0.5257255859375001 0.7476325328125 0.56730859375 0.797691328125 0.5269130859375 0.7810720234375 0.484150390625
1 0.755009309375 0.46930859375 0.7166438015625001 0.48414160156249997 0.7202195 0.524537109375 0.7619348359375 0.49008203124999994 0.755009309375 0.46930859375
1 0.7259676625 0.5360986328124999 0.6820793734375 0.5791894531249999 0.696382165625 0.6314658203125 0.73988535 0.5851298828125 0.7259676625 0.5360986328124999
2 0.37225820625 0.3119814453125 0.3481087703125 0.3142138671875 0.3481087703125 0.473419921875 0.3796932875 0.4639150390625 0.37225820625 0.3119814453125
1 0.2389652125 0.524224609375 0.2038917203125 0.5031220703125 0.202700146875 0.567279296875 0.23905242499999999 0.5946064453125001 0.2389652125 0.524224609375
1 0.2873674671875 0.54203515625 0.243223909375 0.519755859375 0.2402439984375 0.5922294921875 0.2807677609375 0.5946064453125001 0.2873674671875 0.54203515625
3 0.349804996875 0.550828125 0.28951984375 0.53862109375 0.2697383640625 0.7010634765625 0.32343018125 0.7235986328124999 0.349804996875 0.550828125
1 0.703878490625 0.498662109375 0.6716717296875 0.505328125 0.6746026453125 0.5378837890625 0.70851739375 0.528701171875 0.703878490625 0.498662109375
1 0.6582733953125001 0.558751953125 0.6339892203125 0.5579169921875 0.6390132281249999 0.5988193359375 0.66329789375 0.594646484375 0.6582733953125001 0.558751953125
1 0.5099392453125 0.5502373046875 0.49532288125 0.43367578125 0.454052915625 0.43796093750000004 0.4549122984375 0.5639501953125 0.5099392453125 0.5502373046875
1 0.54734051875 0.4319609375 0.498976971875 0.42853320312500004 0.51187408125 0.55709375 0.5533586484375 0.556236328125 0.54734051875 0.4319609375
1 0.21668691875 0.45562988281249994 0.19465605156250002 0.459693359375 0.19938853437499998 0.49743554687499997 0.224773640625 0.49915136718750003 0.21668691875 0.45562988281249994