1 0.26964968125 0.5257255859375001 0.2189279765625 0.484150390625 0.202308671875 0.5269130859375 0.25236746718749997 0.56730859375 0.26964968125 0.5257255859375001
1 0.28335619843750004 0.48414160156249997 0.24499069062499998 0.46930859375 0.2380651640625 0.49008203124999994 0.2797805 0.524537109375 0.28335619843750004 0.48414160156249997
1 0.3179206265625 0.5791894531249999 0.2740323375 0.5360986328124999 0.26011465 0.5851298828125 0.303617834375 0.6314658203125 0.3179206265625 0.5791894531249999
2 0.6518912296875 0.3142138671875 0.62774179375 0.3119814453125 0.6203067124999999 0.4639150390625 0.6518912296875 0.473419921875 0.6518912296875 0.3142138671875
1 0.7961082796875 0.5031220703125 0.7610347875000001 0.524224609375 0.760947575 0.5946064453125001 0.797299853125 0.567279296875 0.7961082796875 0.5031220703125
1 0.7567760906250001 0.519755859375 0.7126325328124999 0.54203515625 0.7192322390625 0.5946064453125001 0.7597560015625 0.5922294921875 0.7567760906250001 0.519755859375
3 0.7104801562499999 0.53862109375 0.650195003125 0.550828125 0.67656981875 0.7235986328124999 0.7302616359375 0.7010634765625 0.7104801562499999 0.53862109375
1 0.3283282703125 0.505328125 0.296121509375 0.498662109375 0.29148260625 0.528701171875 0.32539735468750003 0.5378837890625 0.3283282703125 0.505328125
1 0.3660107796875 0.5579169921875 0.3417266046875 0.558751953125 0.33670210625 0.594646484375 0.360986771875 0.5988193359375 0.3660107796875 0.5579169921875
1 0.50467711875 0.43367578125 0.49006075468750004 0.5502373046875 0.5450877015625 0.5639501953125 0.5459470843750001 0.43796093750000004 0.50467711875 0.43367578125
1 0.501023028125 0.42853320312500004 0.45265948125 0.4319609375 0.44664135156249996 0.556236328125 0.48812591875000005 0.55709375 0.501023028125 0.42853320312500004
1 0.8053439484375 0.459693359375 0.78331308125 0.45562988281249994 0.7752263593750001 0.49915136718750003 0.8006114656250001 0.49743554687499997 0.8053439484375 0.459693359375