2 0.4767270953125 0.38125 0.4547770703125 0.3846982421875 0.455561 0.642662109375 0.49005389531250004 0.648916015625 0.4767270953125 0.38125
2 0.67270945625 0.7796875 0.6648701609375001 0.6082666015625 0.630377265625 0.6113935546875 0.6476237140625 0.8005673828125 0.67270945625 0.7796875
2 0.37285644218749997 0.63125 0.3136697703125 0.609830078125 0.3175894171875 0.8505966796875001 0.3301322875 0.8521601562500001 0.37285644218749997 0.63125
3 0.39833415 0.616083984375 0.3993140625 0.43203125 0.38187163125 0.41440234374999996 0.35678588906250003 0.59888671875 0.39833415 0.616083984375
3 0.2948554625 0.5754345703125 0.3483586484375 0.590234375 0.3348358640625 0.40033203124999994 0.30896619375 0.4018955078125 0.2948554625 0.5754345703125
1 0.455169034375 0.58828125 0.44223419843749995 0.58637890625 0.44145026875 0.636408203125 0.4532092109375 0.6270283203125 0.455169034375 0.58828125
1 0.3066144046875 0.6629863281249999 0.3081822640625 0.6 0.2713375796875 0.5551103515625 0.2470357671875 0.5910693359375 0.3066144046875 0.6629863281249999
1 0.76521313125 0.530095703125 0.7540421359375 0.480859375 0.7087702109375 0.50664453125 0.7103380703125 0.5410400390625 0.76521313125 0.530095703125
1 0.7103380703125 0.556673828125 0.7050465453125 0.512109375 0.654679078125 0.52696875 0.6609505140625 0.569181640625 0.7103380703125 0.556673828125
1 0.741695246875 0.606703125 0.7452229296875 0.55703125 0.7017148453125001 0.5848154296875 0.7197452234374999 0.6145205078125 0.741695246875 0.606703125
1 0.702498775 0.6442255859375 0.699167075 0.5921875 0.65389515 0.6192109375 0.67270945625 0.6645498046875 0.702498775 0.6442255859375
4 0.30504654531250003 0.542603515625 0.2905438515625 0.375390625 0.253307203125 0.38000781250000004 0.2580107796875 0.550419921875 0.30504654531250003 0.542603515625