2 0.5452229296875 0.3846982421875 0.5232729046875 0.38125 0.5099461046875 0.648916015625 0.544439 0.642662109375 0.5452229296875 0.3846982421875
2 0.3351298390625 0.6082666015625 0.32729054375 0.7796875 0.35237628593750003 0.8005673828125 0.369622734375 0.6113935546875 0.3351298390625 0.6082666015625
2 0.6863302296875 0.609830078125 0.6271435578125 0.63125 0.6698677125 0.8521601562500001 0.6824105828125 0.8505966796875001 0.6863302296875 0.609830078125
3 0.6006859375 0.43203125 0.6016658500000001 0.616083984375 0.6432141109375 0.59888671875 0.61812836875 0.41440234374999996 0.6006859375 0.43203125
3 0.6516413515624999 0.590234375 0.7051445375000001 0.5754345703125 0.69103380625 0.4018955078125 0.6651641359375 0.40033203124999994 0.6516413515624999 0.590234375
1 0.5577658015625 0.58637890625 0.544830965625 0.58828125 0.5467907890625 0.6270283203125 0.5585497312500001 0.636408203125 0.5577658015625 0.58637890625
1 0.6918177359375 0.6 0.6933855953125 0.6629863281249999 0.7529642328125 0.5910693359375 0.7286624203125001 0.5551103515625 0.6918177359375 0.6
1 0.24595786406250003 0.480859375 0.23478686875000002 0.530095703125 0.2896619296875 0.5410400390625 0.2912297890625 0.50664453125 0.24595786406250003 0.480859375
1 0.2949534546875 0.512109375 0.2896619296875 0.556673828125 0.3390494859375 0.569181640625 0.345320921875 0.52696875 0.2949534546875 0.512109375
1 0.25477707031249996 0.55703125 0.258304753125 0.606703125 0.2802547765625 0.6145205078125 0.2982851546875 0.5848154296875 0.25477707031249996 0.55703125
1 0.30083292500000003 0.5921875 0.297501225 0.6442255859375 0.32729054375 0.6645498046875 0.34610485 0.6192109375 0.30083292500000003 0.5921875
4 0.7094561484375 0.375390625 0.6949534546875 0.542603515625 0.7419892203125 0.550419921875 0.746692796875 0.38000781250000004 0.7094561484375 0.375390625