1 0.2967819703125 0.5816376953125 0.2416276328125 0.5676318359375 0.2326780984375 0.6249423828125 0.284596765625 0.641841796875 0.2967819703125 0.5816376953125
1 0.3477751109375 0.6013017578125 0.2992645765625 0.58627734375 0.28796129375 0.64073828125 0.33741401249999997 0.659517578125 0.3477751109375 0.6013017578125
1 0.70201126875 0.575021484375 0.64853748125 0.5914248046874999 0.65255855 0.6463837890625 0.704365996875 0.6247871093749999 0.70201126875 0.575021484375
1 0.748167075 0.5609375 0.7057790296875 0.5815947265625 0.7057790296875 0.6200927734375 0.7524061734374999 0.6041298828125 0.748167075 0.5609375
4 0.19420823125 0.5421591796875 0.15139784375 0.674552734375 0.202263596875 0.716806640625 0.23805781406249998 0.5844111328125 0.19420823125 0.5421591796875
4 0.797180303125 0.541033203125 0.754560509375 0.5697724609375 0.7746168546875001 0.7072236328125 0.821624203125 0.6709863281249999 0.797180303125 0.541033203125
4 0.78401861875 0.3735927734375 0.7518412546875 0.385875 0.765842234375 0.5272880859375 0.8147295437500001 0.49105078124999996 0.78401861875 0.3735927734375
4 0.217720725 0.35309375 0.177940225 0.47730566406249997 0.2205600203125 0.5322861328124999 0.249390984375 0.40483203124999995 0.217720725 0.35309375
1 0.7167266046874999 0.4967470703125 0.6701313078125 0.5174287109375 0.6686217546875 0.5670146484374999 0.721013228125 0.552771484375 0.7167266046874999 0.4967470703125
0 0.4664865265625 0.5411064453125001 0.43319255312499994 0.5401787109375 0.425080353125 0.5853828125 0.46422782968750004 0.5928876953125 0.4664865265625 0.5411064453125001
1 0.33619255312499996 0.5259775390625 0.280014209375 0.510447265625 0.272235178125 0.5461103515625 0.3251322875 0.5691201171875 0.33619255312499996 0.5259775390625