1 0.7583723671875 0.5676318359375 0.7032180296874999 0.5816376953125 0.715403234375 0.641841796875 0.7673219015625 0.6249423828125 0.7583723671875 0.5676318359375
1 0.7007354234375 0.58627734375 0.6522248890625 0.6013017578125 0.6625859875 0.659517578125 0.71203870625 0.64073828125 0.7007354234375 0.58627734375
1 0.35146251875 0.5914248046874999 0.29798873124999997 0.575021484375 0.295634003125 0.6247871093749999 0.34744145 0.6463837890625 0.35146251875 0.5914248046874999
1 0.2942209703125 0.5815947265625 0.251832925 0.5609375 0.2475938265625 0.6041298828125 0.2942209703125 0.6200927734375 0.2942209703125 0.5815947265625
4 0.8486021562499999 0.674552734375 0.80579176875 0.5421591796875 0.7619421859375 0.5844111328125 0.7977364031249999 0.716806640625 0.8486021562499999 0.674552734375
4 0.245439490625 0.5697724609375 0.202819696875 0.541033203125 0.178375796875 0.6709863281249999 0.2253831453125 0.7072236328125 0.245439490625 0.5697724609375
4 0.24815874531249998 0.385875 0.21598138125 0.3735927734375 0.18527045625 0.49105078124999996 0.23415776562500001 0.5272880859375 0.24815874531249998 0.385875
4 0.8220597749999999 0.47730566406249997 0.7822792749999999 0.35309375 0.750609015625 0.40483203124999995 0.7794399796875 0.5322861328124999 0.8220597749999999 0.47730566406249997
1 0.3298686921875 0.5174287109375 0.2832733953125 0.4967470703125 0.278986771875 0.552771484375 0.3313782453125 0.5670146484374999 0.3298686921875 0.5174287109375
0 0.5668074468750001 0.5401787109375 0.5335134734375 0.5411064453125001 0.5357721703125 0.5928876953125 0.574919646875 0.5853828125 0.5668074468750001 0.5401787109375
1 0.719985790625 0.510447265625 0.663807446875 0.5259775390625 0.6748677125 0.5691201171875 0.7277648218749999 0.5461103515625 0.719985790625 0.510447265625