1 0.7109375 0.65 0.04609375 0.08671875
1 0.35 0.50625 0.0296875 0.128125
1 0.2828125 0.6125 0.059375 0.08359375
1 0.24765625 0.5046875 0.05390625 0.07734375
0 0.44921875 0.49765625 0.021875 0.19765625
0 0.6125 0.496875 0.03359375 0.1921875
0 0.578125 0.5046875 0.02890625 0.1765625
0 0.425 0.68046875 0.0296875 0.184375
0 0.44609375 0.6828125 0.03359375 0.13046875
0 0.4171875 0.5109375 0.0328125 0.1421875
1 0.73125 0.546875 0.046875 0.0796875
1 0.65234375 0.64609375 0.05234375 0.07890625
1 0.6828125 0.54609375 0.04453125 0.0921875
1 0.36015625 0.64765625 0.03515625 0.1125
0 0.5453125 0.68359375 0.0296875 0.14453125
1 0.3140625 0.47578125 0.0328125 0.17890625
0 0.51484375 0.66171875 0.03359375 0.0875
0 0.54765625 0.49921875 0.0390625 0.17265625
0 0.49375 0.6625 0.02890625 0.08828125
0 0.475 0.49453125 0.02890625 0.17265625
0 0.57890625 0.7125 0.03828125 0.1984375
0 0.51484375 0.509375 0.034375 0.17265625
0 0.2765625 0.4375 0.0359375 0.03828125
1 0.384375 0.5203125 0.0203125 0.03125
1 0.3921875 0.6390625 0.02109375 0.09296875
0 0.46796875 0.66875 0.03515625 0.10390625