1 0.2890625 0.65 0.04609375 0.08671875
1 0.65 0.50625 0.0296875 0.128125
1 0.7171875 0.6125 0.059375 0.08359375
1 0.75234375 0.5046875 0.05390625 0.07734375
0 0.55078125 0.49765625 0.021875 0.19765625
0 0.3875 0.496875 0.03359375 0.1921875
0 0.421875 0.5046875 0.02890625 0.1765625
0 0.575 0.68046875 0.0296875 0.184375
0 0.55390625 0.6828125 0.03359375 0.13046875
0 0.5828125 0.5109375 0.0328125 0.1421875
1 0.26875 0.546875 0.046875 0.0796875
1 0.34765625 0.64609375 0.05234375 0.07890625
1 0.3171875 0.54609375 0.04453125 0.0921875
1 0.63984375 0.64765625 0.03515625 0.1125
0 0.4546875 0.68359375 0.0296875 0.14453125
1 0.6859375 0.47578125 0.0328125 0.17890625
0 0.48515625 0.66171875 0.03359375 0.0875
0 0.45234375 0.49921875 0.0390625 0.17265625
0 0.50625 0.6625 0.02890625 0.08828125
0 0.525 0.49453125 0.02890625 0.17265625
0 0.42109375 0.7125 0.03828125 0.1984375
0 0.48515625 0.509375 0.034375 0.17265625
0 0.7234375 0.4375 0.0359375 0.03828125
1 0.615625 0.5203125 0.0203125 0.03125
1 0.6078125 0.6390625 0.02109375 0.09296875
0 0.53203125 0.66875 0.03515625 0.10390625