1 0.6923076921875 0.59888671875 0.676629103125 0.41640625 0.6625183734375 0.4018955078125 0.646839784375 0.583251953125 0.6923076921875 0.59888671875
0 0.652327290625 0.5644912109375 0.646839784375 0.42847363281249995 0.6499755015625001 0.40658593749999994 0.6209701125 0.4018955078125 0.624889759375 0.569181640625 0.652327290625 0.5644912109375
1 0.7589416953125 0.57387109375 0.758157765625 0.48944726562499996 0.7134737875 0.4738125 0.704066634375 0.580125 0.7589416953125 0.57387109375
1 0.274473296875 0.6082666015625 0.2807447328125 0.53359375 0.239196471875 0.5316591796875 0.233708965625 0.5879423828125 0.274473296875 0.6082666015625
1 0.3277805 0.622337890625 0.3199412046875 0.547265625 0.28388045 0.5707451171875 0.27917687343750003 0.6270283203125 0.3277805 0.622337890625
0 0.3693287609375 0.7114521484375 0.3638412546875 0.66611328125 0.337187653125 0.6801845703125 0.34189122968749996 0.7192695312499999 0.3693287609375 0.7114521484375
0 0.2768250859375 0.7708623046875 0.3301322875 0.6676767578125 0.28936795625 0.636408203125 0.22900538906249998 0.7270869140625 0.2580107796875 0.8115117187499999 0.2768250859375 0.7708623046875
0 0.233708965625 0.63125 0.2211660953125 0.6676767578125 0.24076433125 0.6848740234374999 0.253307203125 0.6504794921875 0.233708965625 0.63125
3 0.37951984375 0.816201171875 0.37011269062499996 0.7145791015625 0.3411073 0.7114521484375 0.3458108765625 0.8240185546875001 0.37951984375 0.816201171875
4 0.2376286140625 0.4988271484375 0.239196471875 0.403458984375 0.20078392968749997 0.3753173828125 0.190592846875 0.46912207031250003 0.2376286140625 0.4988271484375
4 0.7550220484375 0.359765625 0.763645271875 0.50664453125 0.81146496875 0.47224902343749997 0.7950024499999999 0.344048828125 0.7550220484375 0.359765625