1 0.323370896875 0.41640625 0.3076923078125 0.59888671875 0.353160215625 0.583251953125 0.33748162656249997 0.4018955078125 0.323370896875 0.41640625
0 0.3500244984375 0.40658593749999994 0.353160215625 0.42847363281249995 0.347672709375 0.5644912109375 0.375110240625 0.569181640625 0.3790298875 0.4018955078125 0.3500244984375 0.40658593749999994
1 0.24184223437500002 0.48944726562499996 0.24105830468749997 0.57387109375 0.295933365625 0.580125 0.2865262125 0.4738125 0.24184223437500002 0.48944726562499996
1 0.7192552671875 0.53359375 0.725526703125 0.6082666015625 0.766291034375 0.5879423828125 0.7608035281250001 0.5316591796875 0.7192552671875 0.53359375
1 0.6800587953125 0.547265625 0.6722195 0.622337890625 0.7208231265625 0.6270283203125 0.7161195499999999 0.5707451171875 0.6800587953125 0.547265625
0 0.6361587453124999 0.66611328125 0.6306712390625 0.7114521484375 0.6581087703125 0.7192695312499999 0.662812346875 0.6801845703125 0.6361587453124999 0.66611328125
0 0.71063204375 0.636408203125 0.6698677125 0.6676767578125 0.7231749140625 0.7708623046875 0.7419892203125 0.8115117187499999 0.7709946109375 0.7270869140625 0.71063204375 0.636408203125
0 0.7788339046874999 0.6676767578125 0.766291034375 0.63125 0.746692796875 0.6504794921875 0.7592356687499999 0.6848740234374999 0.7788339046874999 0.6676767578125
3 0.629887309375 0.7145791015625 0.62048015625 0.816201171875 0.6541891234375 0.8240185546875001 0.6588927 0.7114521484375 0.629887309375 0.7145791015625
4 0.7608035281250001 0.403458984375 0.7623713859375 0.4988271484375 0.809407153125 0.46912207031250003 0.7992160703125 0.3753173828125 0.7608035281250001 0.403458984375
4 0.23635472812499997 0.50664453125 0.2449779515625 0.359765625 0.20499755 0.344048828125 0.18853503124999998 0.47224902343749997 0.23635472812499997 0.50664453125