3 0.3484375 0.42734375 0.03359375 0.19765625
3 0.3859375 0.43359375 0.03203125 0.1921875
3 0.63046875 0.43671875 0.03359375 0.2046875
3 0.6671875 0.42421875 0.02890625 0.2140625
4 0.21015625 0.559375 0.08515625 0.175
4 0.79765625 0.57421875 0.06015625 0.18828125
1 0.4671875 0.515625 0.01484375 0.05859375
1 0.43984375 0.5015625 0.0125 0.04140625
1 0.5140625 0.52109375 0.009375 0.06953125
1 0.50546875 0.5171875 0.00625 0.0703125
0 0.475 0.65546875 0.03046875 0.14453125
0 0.55 0.65859375 0.025 0.15
0 0.56328125 0.4953125 0.03515625 0.128125
1 0.540625 0.521875 0.00625 0.05703125
1 0.58828125 0.51171875 0.01171875 0.05390625
1 0.3328125 0.5953125 0.04921875 0.11796875
1 0.37734375 0.61171875 0.03125 0.08203125
1 0.41328125 0.6171875 0.03125 0.08984375
1 0.61171875 0.61953125 0.04375 0.08515625
1 0.68515625 0.55703125 0.04921875 0.0625
0 0.521875 0.64375 0.015625 0.1390625