3 0.3390625 0.4 0.02890625 0.23125
1 0.246875 0.5375 0.053125 0.09375
1 0.30859375 0.5671875 0.05546875 0.08046875
1 0.6890625 0.57265625 0.0390625 0.125
1 0.75078125 0.42734375 0.05390625 0.0609375
1 0.74375 0.52421875 0.0546875 0.09765625
1 0.5515625 0.53203125 0.0140625 0.08203125
1 0.53671875 0.53984375 0.0109375 0.065625
1 0.509375 0.528125 0.0171875 0.09296875
1 0.48984375 0.5328125 0.01875 0.0921875
1 0.6984375 0.4390625 0.04609375 0.06875
1 0.621875 0.475 0.0328125 0.11796875
0 0.6776090156250001 0.4946259765625 0.6702596765625 0.455541015625 0.659480646875 0.356849609375 0.6461293484375 0.371337890625 0.6433121015625 0.4711748046875 0.6447819703125 0.5034199218750001 0.65507104375 0.516123046875 0.6658500734375 0.5180771484375 0.6736893671875 0.5004892578125 0.6776090156250001 0.4946259765625
0 0.456638903125 0.3783466796875 0.44390004843749997 0.3783466796875 0.42381185625000006 0.55322265625 0.4492895640625 0.5600947265625 0.46349828437499996 0.5425058593750001 0.464478196875 0.505375 0.4571288578125 0.48290039062499995 0.456638903125 0.3783466796875
0 0.589416953125 0.5942939453125 0.5840274375 0.57963671875 0.5766780984375 0.57963671875 0.5546300828125 0.5972255859375 0.5546300828125 0.61872265625 0.5658990687500001 0.700927734375 0.579127878125 0.7574755859375 0.587457128125 0.7604072265624999 0.5948064671875 0.7467275390625 0.5933366 0.6480371093749999 0.589416953125 0.5942939453125
0 0.43851053437500004 0.6001572265624999 0.43214110781250004 0.5864775390625 0.40911317968749994 0.59233984375 0.3963743265625 0.715458984375 0.3890249875 0.755521484375 0.3919647234375 0.77115625 0.40715335625 0.7564990234375 0.43900049062499996 0.622630859375 0.43851053437500004 0.6001572265624999
1 0.2635962765625 0.4789921875 0.26947574687500003 0.4213408203125 0.2364037234375 0.383544921875 0.22684958281249998 0.4008212890625 0.21558059843750002 0.43892968750000005 0.2234198921875 0.45260937500000004 0.23909848125000002 0.47703808593749997 0.2635962765625 0.4789921875
0 0.65409113125 0.5503232421875001 0.6354728078125 0.555208984375 0.6212640859375 0.5776826171875 0.6295933359375 0.6148144531249999 0.6442920140624999 0.688720703125 0.6643802062499999 0.7125273437499999 0.6619304265625 0.6568310546875 0.6624203828125 0.6040654296875 0.6604605578125 0.5610712890625 0.65409113125 0.5503232421875001
0 0.49191572812500006 0.6832138671875 0.49240568281249997 0.6069970703124999 0.4703576671875 0.6069970703124999 0.4762371390625 0.6929853515625 0.49191572812500006 0.6832138671875
0 0.4948554625 0.6099287109375 0.5009799125 0.678955078125 0.5149436546875 0.688099609375 0.5227829500000001 0.6040654296875 0.5198432140625 0.5972255859375 0.500244978125 0.6001572265624999 0.4948554625 0.6099287109375
0 0.549730525 0.68516796875 0.553650171875 0.5942939453125 0.5276825078125 0.5933173828125 0.5247427734375 0.6060195312500001 0.5325820671875 0.6900537109375 0.549730525 0.68516796875
0 0.42479176875 0.4272041015625 0.42234198906250003 0.3783466796875 0.40666339999999995 0.366455078125 0.3831455171875 0.5366435546874999 0.3919647234375 0.5532548828125 0.4086232234375 0.5503232421875001 0.4218520328125 0.529802734375 0.42528172499999994 0.49755761718749997 0.42479176875 0.4272041015625
0 0.46391817812499997 0.672814453125 0.467837825 0.6448955078124999 0.4667177859375 0.6180947265625 0.470077903125 0.5979931640625 0.4762371390625 0.5879423828125 0.47399755 0.5845927734374999 0.45271925468749996 0.5745419921875 0.442080353125 0.5924091796875001 0.44264037187499994 0.62926171875 0.443759921875 0.7215400390625 0.44711955000000003 0.7308837890625 0.4504796671875 0.728650390625 0.4543993140625 0.7174833984375 0.4577589421875 0.6984990234375 0.46391817812499997 0.672814453125
4 0.182263596875 0.605810546875 0.19346251875 0.5901757812499999 0.19962224374999998 0.576775390625 0.20410191093750002 0.5611416015625 0.2147408140625 0.5321064453125001 0.21642038281249998 0.5120048828125 0.2147408140625 0.500837890625 0.21530083281249998 0.48743749999999997 0.22146006875 0.4706865234375 0.1777839296875 0.44500097656250004 0.141387065625 0.568080078125 0.1408275359375 0.5924091796875001 0.1453067125 0.61027734375 0.1576256734375 0.624794921875 0.1721847140625 0.620328125 0.182263596875 0.605810546875
4 0.7623713859375 0.3511962890625 0.77245026875 0.3947490234375 0.792608525 0.41038281249999997 0.8166864281249999 0.35678027343749996 0.7538319453125 0.2583701171875 0.7623713859375 0.3511962890625
0 0.5451107296875 0.4740361328125 0.5585497312500001 0.57119140625 0.577587946875 0.548857421875 0.5602297890625 0.3902822265625 0.5459510046875 0.3978798828125 0.5451107296875 0.4740361328125
4 0.2556168546875 0.283076171875 0.24329789375000002 0.264091796875 0.1784840765625 0.3490517578125 0.2158603625 0.41484960937500004 0.2556168546875 0.283076171875
4 0.8390842718749999 0.480736328125 0.8301254281249999 0.4561689453125 0.81276678125 0.4461181640625 0.8032479171875 0.4517021484375 0.7730102890625 0.49525390625 0.7842092109375 0.5455068359374999 0.823826065625 0.630859375 0.8413243515625 0.6013437500000001 0.844123959375 0.5812421875 0.8407643312499999 0.563375 0.8357246453125 0.518705078125 0.8390842718749999 0.480736328125
1 0.35625 0.57734375 0.03125 0.059375
1 0.36953125 0.45859375 0.02421875 0.13828125
1 0.2953125 0.44296875 0.04921875 0.11875