3 0.6609375 0.4 0.02890625 0.23125
1 0.753125 0.5375 0.053125 0.09375
1 0.69140625 0.5671875 0.05546875 0.08046875
1 0.3109375 0.57265625 0.0390625 0.125
1 0.24921875 0.42734375 0.05390625 0.0609375
1 0.25625 0.52421875 0.0546875 0.09765625
1 0.4484375 0.53203125 0.0140625 0.08203125
1 0.46328125 0.53984375 0.0109375 0.065625
1 0.490625 0.528125 0.0171875 0.09296875
1 0.51015625 0.5328125 0.01875 0.0921875
1 0.3015625 0.4390625 0.04609375 0.06875
1 0.378125 0.475 0.0328125 0.11796875
0 0.35668789843750004 0.4711748046875 0.35387065156249997 0.371337890625 0.34051935312500003 0.356849609375 0.3297403234375 0.455541015625 0.322390984375 0.4946259765625 0.3263106328125 0.5004892578125 0.3341499265625 0.5180771484375 0.34492895625000003 0.516123046875 0.3552180296875 0.5034199218750001 0.35668789843750004 0.4711748046875
0 0.5761881437499999 0.55322265625 0.5560999515625 0.3783466796875 0.543361096875 0.3783466796875 0.5428711421875 0.48290039062499995 0.535521803125 0.505375 0.536501715625 0.5425058593750001 0.5507104359375 0.5600947265625 0.5761881437499999 0.55322265625
0 0.43410093125 0.700927734375 0.44536991718749996 0.61872265625 0.44536991718749996 0.5972255859375 0.4233219015625 0.57963671875 0.41597256250000003 0.57963671875 0.41058304687499997 0.5942939453125 0.40666339999999995 0.6480371093749999 0.40519353281250003 0.7467275390625 0.41254287187500005 0.7604072265624999 0.420872121875 0.7574755859375 0.43410093125 0.700927734375
0 0.6036256734375 0.715458984375 0.5908868203125001 0.59233984375 0.5678588921875 0.5864775390625 0.561489465625 0.6001572265624999 0.560999509375 0.622630859375 0.59284664375 0.7564990234375 0.6080352765625 0.77115625 0.6109750125 0.755521484375 0.6036256734375 0.715458984375
1 0.7635962765625 0.383544921875 0.730524253125 0.4213408203125 0.7364037234375 0.4789921875 0.76090151875 0.47703808593749997 0.7765801078125001 0.45260937500000004 0.7844194015625 0.43892968750000005 0.7731504171875 0.4008212890625 0.7635962765625 0.383544921875
0 0.35570798593749997 0.688720703125 0.3704066640625 0.6148144531249999 0.3787359140625 0.5776826171875 0.3645271921875 0.555208984375 0.34590886875 0.5503232421875001 0.3395394421875 0.5610712890625 0.33757961718749996 0.6040654296875 0.3380695734375 0.6568310546875 0.33561979375 0.7125273437499999 0.35570798593749997 0.688720703125
0 0.5237628609375 0.6929853515625 0.5296423328125 0.6069970703124999 0.5075943171875 0.6069970703124999 0.5080842718749999 0.6832138671875 0.5237628609375 0.6929853515625
0 0.49902008750000004 0.678955078125 0.5051445375 0.6099287109375 0.499755021875 0.6001572265624999 0.4801567859375 0.5972255859375 0.47721705 0.6040654296875 0.48505634531249997 0.688099609375 0.49902008750000004 0.678955078125
0 0.450269475 0.68516796875 0.4674179328125 0.6900537109375 0.4752572265625 0.6060195312500001 0.47231749218749997 0.5933173828125 0.44634982812499996 0.5942939453125 0.450269475 0.68516796875
0 0.6168544828125 0.5366435546874999 0.5933366 0.366455078125 0.5776580109375 0.3783466796875 0.57520823125 0.4272041015625 0.5747182750000001 0.49755761718749997 0.5781479671875001 0.529802734375 0.5913767765625 0.5503232421875001 0.6080352765625 0.5532548828125 0.6168544828125 0.5366435546874999
0 0.556240078125 0.7215400390625 0.5573596281250001 0.62926171875 0.5579196468750001 0.5924091796875001 0.5472807453125 0.5745419921875 0.52600245 0.5845927734374999 0.5237628609375 0.5879423828125 0.529922096875 0.5979931640625 0.5332822140625 0.6180947265625 0.5321621750000001 0.6448955078124999 0.5360818218750001 0.672814453125 0.5422410578125 0.6984990234375 0.5456006859375 0.7174833984375 0.5495203328125 0.728650390625 0.55288045 0.7308837890625 0.556240078125 0.7215400390625
4 0.8586129343750001 0.568080078125 0.8222160703125001 0.44500097656250004 0.77853993125 0.4706865234375 0.7846991671875 0.48743749999999997 0.7852591859375 0.500837890625 0.7835796171875 0.5120048828125 0.7852591859375 0.5321064453125001 0.7958980890625 0.5611416015625 0.80037775625 0.576775390625 0.80653748125 0.5901757812499999 0.8177364031250001 0.605810546875 0.8278152859375 0.620328125 0.8423743265624999 0.624794921875 0.8546932875 0.61027734375 0.8591724640624999 0.5924091796875001 0.8586129343750001 0.568080078125
4 0.2376286140625 0.3511962890625 0.24616805468749997 0.2583701171875 0.183313571875 0.35678027343749996 0.20739147500000002 0.41038281249999997 0.22754973125000003 0.3947490234375 0.2376286140625 0.3511962890625
0 0.45488927031250004 0.4740361328125 0.45404899531250004 0.3978798828125 0.4397702109375 0.3902822265625 0.42241205312499996 0.548857421875 0.44145026875 0.57119140625 0.45488927031250004 0.4740361328125
4 0.7841396375 0.41484960937500004 0.8215159234374999 0.3490517578125 0.75670210625 0.264091796875 0.7443831453125 0.283076171875 0.7841396375 0.41484960937500004
4 0.176173934375 0.630859375 0.21579078906250002 0.5455068359374999 0.2269897109375 0.49525390625 0.1967520828125 0.4517021484375 0.18723321875 0.4461181640625 0.169874571875 0.4561689453125 0.160915728125 0.480736328125 0.1642753546875 0.518705078125 0.15923566875 0.563375 0.155876040625 0.5812421875 0.15867564843749998 0.6013437500000001 0.176173934375 0.630859375
1 0.64375 0.57734375 0.03125 0.059375
1 0.63046875 0.45859375 0.02421875 0.13828125
1 0.7046875 0.44296875 0.04921875 0.11875