0 0.65 0.6578125 0.040625 0.13203125
3 0.4078125 0.38125 0.0375 0.284375
3 0.5234375 0.40546875 0.0359375 0.2515625
3 0.55625 0.41640625 0.02265625 0.23515625
3 0.58984375 0.40390625 0.03515625 0.2546875
3 0.625 0.4375 0.028125 0.18984375
3 0.6578125 0.4296875 0.03203125 0.16875
3 0.340625 0.43828125 0.046875 0.1984375
1 0.69453125 0.46640625 0.0359375 0.0609375
1 0.73359375 0.41796875 0.0421875 0.06484375
1 0.48203125 0.4921875 0.04140625 0.08203125
0 0.5453125 0.578125 0.02578125 0.0734375
1 0.28984375 0.48671875 0.04140625 0.07109375
1 0.24609375 0.44140625 0.0484375 0.04921875