1 0.2684958359375 0.569181640625 0.2614404703125 0.6145205078125 0.3061244484375 0.6614228515625 0.317883390625 0.609830078125 0.2684958359375 0.569181640625
0 0.32493875625 0.6051396484375 0.31161195468749997 0.66611328125 0.36099950937499997 0.6864375 0.3743263109375 0.636408203125 0.32493875625 0.6051396484375
0 0.729054384375 0.44375 0.7396374328124999 0.5191513671875 0.7678588921875 0.46755859375000003 0.7506124453125 0.42691015625000006 0.729054384375 0.44375
0 0.7529642328125 0.6614228515625 0.7608035281250001 0.55980078125 0.73493385625 0.5519833984375 0.7302302796875 0.648916015625 0.7529642328125 0.6614228515625
0 0.5262126406250001 0.535546875 0.529544340625 0.60044921875 0.553062225 0.58637890625 0.540519353125 0.530095703125 0.5262126406250001 0.535546875
0 0.5389514937500001 0.50625 0.5569818718749999 0.6082666015625 0.5781479671875001 0.5926328125 0.559333659375 0.4863203125 0.5389514937500001 0.50625
0 0.6163645265625 0.4984375 0.61812836875 0.55980078125 0.6400783921875 0.5582373046875 0.635374815625 0.48944726562499996 0.6163645265625 0.4984375
0 0.28809407187499997 0.4359375 0.27868691874999996 0.4738125 0.2951494359375 0.4878837890625 0.3037726609375 0.45348828125 0.28809407187499997 0.4359375
1 0.31631553125 0.5144619140625 0.30298873125000003 0.55980078125 0.3437530625 0.583251953125 0.35237628593750003 0.542603515625 0.31631553125 0.5144619140625
0 0.6933855953125 0.5035175781250001 0.6965213125 0.5582373046875 0.7317981375 0.5254052734375 0.7216070546875 0.47693945312499997 0.6933855953125 0.5035175781250001
0 0.6212640859375 0.616083984375 0.633023028125 0.6676767578125 0.6784909359375 0.6239013671875 0.6659480640625 0.5816884765625 0.6212640859375 0.616083984375
4 0.27868691874999996 0.5660546875 0.2292993625 0.488671875 0.1705046546875 0.6567324218749999 0.21440470312499998 0.7083251953125 0.27868691874999996 0.5660546875
4 0.7408133265625 0.539453125 0.7263106328125 0.6551689453125 0.8109750124999999 0.6348447265625 0.8109750124999999 0.54573046875 0.7408133265625 0.539453125