3 0.43076923125000005 0.5660546875 0.415874571875 0.3815712890625 0.3931406171875 0.3815712890625 0.40725134687500003 0.576998046875 0.43076923125000005 0.5660546875
1 0.55625 0.58125 0.02109375 0.0484375
1 0.59609375 0.58359375 0.01875 0.040625
1 0.66015625 0.54921875 0.046875 0.07109375
1 0.715625 0.5796875 0.0171875 0.0328125
1 0.3328125 0.56484375 0.0265625 0.03125
1 0.37265625 0.60625 0.028125 0.06328125
1 0.51328125 0.61953125 0.0234375 0.046875
1 0.53828125 0.61953125 0.02421875 0.04296875
1 0.46953125 0.62734375 0.0171875 0.05546875
1 0.49609375 0.621875 0.01328125 0.0203125
1 0.44765625 0.6078125 0.01328125 0.01640625