1 0.32109375 0.63203125 0.0390625 0.06484375
1 0.6296875 0.6421875 0.025 0.0765625
1 0.45 0.578125 0.0078125 0.06640625
1 0.4640625 0.57578125 0.01328125 0.06875
1 0.375 0.56796875 0.03828125 0.07734375
1 0.65234375 0.5421875 0.03984375 0.07265625
1 0.67421875 0.6125 0.053125 0.05703125
1 0.27265625 0.60078125 0.03984375 0.04921875
4 0.21875 0.44765625 0.0484375 0.13671875
4 0.77890625 0.44453125 0.04609375 0.15859375
4 0.21015625 0.62578125 0.06640625 0.18046875
1 0.3625 0.64140625 0.028125 0.04375
1 0.3953125 0.6515625 0.0296875 0.04140625