2 0.33748162656249997 0.5144619140625 0.34924056875 0.2783857421875 0.3018128375 0.277734375 0.295933365625 0.5128984375 0.33748162656249997 0.5144619140625
2 0.353160215625 0.5097714843750001 0.3915727578125 0.52071484375 0.40646741718749996 0.24868066406249997 0.36256736875 0.237736328125 0.368054875 0.2596240234375 0.353160215625 0.5097714843750001
2 0.4433121015625 0.5113349609375 0.4284174421875 0.251806640625 0.4076433125 0.258203125 0.39784419375 0.50664453125 0.4433121015625 0.5113349609375
2 0.47231749218749997 0.52696875 0.47702106874999994 0.2830751953125 0.44487996093750004 0.2953125 0.4378245953125 0.50664453125 0.47231749218749997 0.52696875
2 0.50367466875 0.5035175781250001 0.5005389515625 0.270568359375 0.4762371390625 0.2796875 0.4715335625 0.5144619140625 0.50367466875 0.5035175781250001
2 0.5342479171875001 0.5175888671875 0.5507104359375 0.2862021484375 0.518373346875 0.2875 0.5021068109375 0.5035175781250001 0.5342479171875001 0.5175888671875
2 0.5671729546875001 0.52071484375 0.581283684375 0.3159072265625 0.5624693781250001 0.30703125 0.5311122 0.49570019531250004 0.5671729546875001 0.52071484375
2 0.5710926015625 0.52071484375 0.5993140625 0.5254052734375 0.6087212156249999 0.264314453125 0.583047525 0.25625 0.5710926015625 0.52071484375
2 0.6400783921875 0.5082080078125 0.629887309375 0.28151171875 0.61146496875 0.281640625 0.6016658500000001 0.50664453125 0.6400783921875 0.5082080078125
3 0.673787359375 0.5191513671875 0.6659480640625 0.3065263671875 0.636942675 0.2953125 0.6322390984374999 0.52071484375 0.673787359375 0.5191513671875
2 0.7302302796875 0.5144619140625 0.7121999015625 0.31434375000000003 0.6722195 0.3265625 0.6722195 0.50664453125 0.7302302796875 0.5144619140625
1 0.29201371875 0.523841796875 0.290445859375 0.41127636718750005 0.23615874531249997 0.430078125 0.23713865781250001 0.5222783203125 0.29201371875 0.523841796875
0 0.6008819203125 0.736466796875 0.594610484375 0.5941962890625 0.566389025 0.590234375 0.575796178125 0.7255234374999999 0.6008819203125 0.736466796875
0 0.5656050953125 0.6145205078125 0.564821165625 0.57387109375 0.5358157765625 0.550419921875 0.53659970625 0.6239013671875 0.5656050953125 0.6145205078125
0 0.393924546875 0.7458476562499999 0.3947084765625 0.5973232421875 0.3596276328125 0.621484375 0.3688388046875 0.7442841796875 0.393924546875 0.7458476562499999
3 0.57422831875 0.7302138671875 0.5656050953125 0.6082666015625 0.5389514937500001 0.62734375 0.5483586484375 0.7458476562499999 0.57422831875 0.7302138671875