2 0.645731109375 0.6317177734375 0.6692836109375 0.430078125 0.634739940625 0.40502246093750005 0.604906771875 0.6082666015625 0.645731109375 0.6317177734375
2 0.6056918546875 0.6176474609375 0.630029440625 0.4046875 0.604906771875 0.38000781250000004 0.575858684375 0.6020126953125 0.6056918546875 0.6176474609375
2 0.555446515625 0.603576171875 0.5986261046875 0.39296875 0.575858684375 0.3659365234375 0.5287536796875 0.550419921875 0.555446515625 0.603576171875
2 0.4887144265625 0.595759765625 0.47006869531250006 0.396875 0.42747791875 0.364373046875 0.4455348375 0.595759765625 0.4887144265625 0.595759765625
2 0.443964671875 0.5973232421875 0.42100098125 0.375390625 0.392149165625 0.3721904296875 0.40706575 0.6051396484375 0.443964671875 0.5973232421875
2 0.4007850828125 0.6051396484375 0.382728165625 0.4125 0.3521099109375 0.40658593749999994 0.3607458296875 0.6176474609375 0.4007850828125 0.6051396484375
1 0.745436703125 0.642662109375 0.73405299375 0.4671875 0.691265946875 0.4394169921875 0.7022571140625 0.6457890625 0.745436703125 0.642662109375
1 0.6999018640625 0.6567324218749999 0.6869479875 0.445703125 0.6724239453124999 0.42847363281249995 0.644946025 0.6379716796875 0.6999018640625 0.6567324218749999
1 0.35682041249999996 0.6207744140625 0.3503434734375 0.44765625 0.3167811578125 0.436291015625 0.2963689890625 0.6207744140625 0.35682041249999996 0.6207744140625
1 0.3018645734375 0.6239013671875 0.3101079484375 0.441796875 0.2845927375 0.430037109375 0.2578999015625 0.5441669921875001 0.264965653125 0.589505859375 0.3018645734375 0.6239013671875
2 0.3214916578125 0.8271455078125 0.3532875375 0.652734375 0.31599607500000004 0.63328125 0.2908734046875 0.8177646484375 0.3214916578125 0.8271455078125
2 0.2845927375 0.8052578125000001 0.3120706578125 0.6390625 0.2783120703125 0.6145205078125 0.2555446515625 0.7739892578124999 0.2845927375 0.8052578125000001