2 0.39509322812500003 0.6082666015625 0.365260059375 0.40502246093750005 0.3307163890625 0.430078125 0.354268890625 0.6317177734375 0.39509322812500003 0.6082666015625
2 0.424141315625 0.6020126953125 0.39509322812500003 0.38000781250000004 0.369970559375 0.4046875 0.3943081453125 0.6176474609375 0.424141315625 0.6020126953125
2 0.4712463203125 0.550419921875 0.424141315625 0.3659365234375 0.4013738953125 0.39296875 0.444553484375 0.603576171875 0.4712463203125 0.550419921875
2 0.5544651625 0.595759765625 0.57252208125 0.364373046875 0.5299313046874999 0.396875 0.5112855734374999 0.595759765625 0.5544651625 0.595759765625
2 0.59293425 0.6051396484375 0.607850834375 0.3721904296875 0.57899901875 0.375390625 0.556035328125 0.5973232421875 0.59293425 0.6051396484375
2 0.6392541703125 0.6176474609375 0.6478900890625 0.40658593749999994 0.617271834375 0.4125 0.5992149171875 0.6051396484375 0.6392541703125 0.6176474609375
1 0.2977428859375 0.6457890625 0.308734053125 0.4394169921875 0.26594700625 0.4671875 0.254563296875 0.642662109375 0.2977428859375 0.6457890625
1 0.355053975 0.6379716796875 0.3275760546875 0.42847363281249995 0.3130520125 0.445703125 0.3000981359375 0.6567324218749999 0.355053975 0.6379716796875
1 0.7036310109375 0.6207744140625 0.6832188421875001 0.436291015625 0.6496565265625 0.44765625 0.6431795874999999 0.6207744140625 0.7036310109375 0.6207744140625
1 0.6981354265624999 0.6239013671875 0.735034346875 0.589505859375 0.7421000984375 0.5441669921875001 0.7154072625000001 0.430037109375 0.6898920515625 0.441796875 0.6981354265624999 0.6239013671875
2 0.7091265953125 0.8177646484375 0.6840039250000001 0.63328125 0.6467124625 0.652734375 0.6785083421875 0.8271455078125 0.7091265953125 0.8177646484375
2 0.7444553484374999 0.7739892578124999 0.7216879296875 0.6145205078125 0.6879293421875 0.6390625 0.7154072625000001 0.8052578125000001 0.7444553484374999 0.7739892578124999